COMP_SPECIES	START_LOCUS	END_LOCUS	NUM_LOCI	COMP_CHR	COMP_START	COMP_END	COMP_SIZE	MAP_LG	MAP_START	MAP_STOP	MAP_SIZE
gacu	Contig_14114	Soc548	2	16	3869831	3904138	34307	11	10.54	10.54	0.00
gacu	Contig_16607	Contig_10552	2	16	3773169	3644118	129051	11	11.19	15.89	4.70
gacu	Contig_86192	Contig_1236	2	16	5992828	6465228	472400	11	22.82	25.31	2.49
gacu	Soc1128	Contig_62131	2	16	1502532	3485102	1982570	11	26.29	26.93	0.64
gacu	Soc1079	Contig_10628	2	16	17581904	14539120	3042784	11	26.93	31.75	4.82
gacu	Contig_38218	Soc1141	3	16	13332724	13517326	184602	11	36.35	37.37	1.02
gacu	Contig_15850	Contig_129	2	16	12983281	12423461	559820	11	38.64	39.91	1.27
gacu	Contig_1918	Contig_26746	2	16	9877347	10274962	397615	11	47.37	51.25	3.88
gacu	Soc693	Contig_68171	2	16	6967636	8766878	1799242	11	70.95	73.50	2.55
gacu	Contig_3312	Contig_102672	2	12	3117654	3693784	576130	21	4.31	4.31	0.00
gacu	Soc619	Soc1052	4	12	4972412	7584414	2612002	21	5.90	19.80	13.90
gacu	Contig_24667	Contig_39603	2	12	9387815	9183859	203956	21	19.80	24.70	4.90
gacu	Contig_8360	Soc578	3	12	9789330	10639766	850436	21	30.77	33.95	3.18
gacu	Contig_1122	Soc913	2	12	12177411	11201704	975707	21	44.35	46.76	2.41
gacu	Contig_10874	Contig_13434	3	12	14291928	14495777	203849	21	67.26	68.53	1.27
gacu	Contig_41732	Contig_48161	3	12	15196685	15166715	278522	21	69.79	78.11	8.32
gacu	Contig_8325	Contig_4443	2	12	13375670	13283199	92471	21	80.67	84.98	4.31
gacu	Contig_49244	Contig_20392	9	21	609048	7395061	6917425	7	0	35.99	35.99
gacu	Contig_12913	Contig_18930	3	21	8708183	8697041	142228	7	44.04	48.91	4.87
gacu	Soc1099	Contig_3204	5	21	9802780	10298797	512519	7	54.86	56.46	1.60
gacu	Contig_64591	Contig_1395	6	1	23702301	27730009	4148904	2	37.34	59.98	22.64
gacu	Contig_46769	Contig_27597	3	1	22761327	21570396	1190931	2	59.53	73.49	13.96
gacu	Contig_36009	Contig_87726	4	18	4361261	3404965	956296	17	4.07	5.56	1.49
gacu	Soc681	Contig_36718	2	18	14453343	13742092	711251	17	21.71	23.95	2.24
gacu	Lcr08	Soc1027	2	18	14792447	15675363	882916	17	23.97	37.51	13.54
gacu	Soc770	Contig_57040	2	18	11335023	11265972	69051	17	35.99	40.76	4.77
gacu	Soc810	Contig_38617	2	18	9961066	10889703	928637	17	48.64	50.56	1.92
gacu	Contig_17415	Contig_57461	2	18	11508193	11558743	50550	17	51.81	57.91	6.10
gacu	Contig_911	Contig_29858	2	18	8595620	9487909	892289	17	60.01	62.47	2.46
gacu	Soc1072	Contig_6925	3	18	7061876	7150922	89046	17	65.74	65.74	0.00
gacu	Contig_24314	Contig_51690	2	18	7479017	7727744	248727	17	67.14	68.83	1.69
gacu	Contig_51257	Contig_305	2	14	10338891	10206075	132816	22	4.09	8.45	4.36
gacu	Contig_6646	Contig_1886	4	14	12620699	10699631	2255587	22	7.26	11.38	4.12
gacu	Contig_6405	Contig_35102	2	14	5423833	5081939	341894	22	23.59	27.66	4.07
gacu	Contig_23642	Contig_3575	3	14	5732615	6834424	1119265	22	34.77	41.16	6.39
gacu	Contig_61269	Contig_72963	3	14	1689110	2585030	895920	22	48.41	49.59	1.18
gacu	Lcr12	Contig_15939	2	14	1768693	2513208	744515	22	74.87	74.87	0.00
gacu	Contig_11316	Contig_7095	2	9	18404752	17835075	569677	1	1.35	4.19	2.84
gacu	Contig_4432	Soc1063	4	9	9725160	8329602	1433884	1	21.04	24.45	4.12
gacu	Contig_15357	Contig_8433	3	9	6555332	7264705	709373	1	29.65	29.96	0.31
gacu	Contig_13052	Soc1054	3	9	6074049	5031283	1042766	1	32.35	35.75	3.40
gacu	Contig_24605	Contig_35255	2	9	4505667	4652385	146718	1	35.75	37.22	1.47
gacu	Dla97	Contig_33862	3	9	14592449	12256176	2336273	1	58.02	75.03	17.01
gacu	Contig_14005	Soc430	3	9	10108336	10417987	344429	1	77.31	76.65	0.66
gacu	Contig_30461	Contig_24603	2	9	2798618	2538122	260496	1	78.58	79.84	1.26
gacu	Contig_34015	Contig_39819	2	9	11934128	11708195	225933	1	83.11	93.91	10.80
gacu	Contig_28406	Soc703	2	8	3717176	4100687	383511	18	5.09	6.38	1.29
gacu	Contig_34833	Soc567	2	8	3384951	3687830	302879	18	7.31	7.31	0.00
gacu	Contig_52548	Soc1022	5	8	18164022	13574673	4728307	18	16.28	51.14	34.86
gacu	Contig_78618	Contig_25308	2	8	12533725	12923807	390082	18	57.42	58.04	0.62
gacu	Contig_93619	Contig_326	2	8	10632646	9524609	1108037	18	59.70	64.54	4.84
gacu	Contig_62904	Contig_38804	3	8	8643329	9236340	616069	18	66.99	69.31	2.32
gacu	Contig_81929	Soc1127	3	8	442903	3050446	2607543	18	82.57	82.57	0.00
gacu	Mmi06	Contig_56840	2	3	14520665	14506565	14100	13	10.78	12.05	1.27
gacu	Contig_48834	Contig_3250	4	3	11141585	10879912	376346	13	15.73	26.92	11.19
gacu	Contig_104646	Contig_63899	2	3	14029114	14005241	23873	13	30.78	31.75	0.97
gacu	Contig_10041	Soc1095	7	3	6799232	7968608	1169376	13	51.86	57.46	6.01
gacu	Contig_63257	Contig_53258	2	3	8909411	8615893	293518	13	63.71	67.14	3.43
gacu	Soc507	Contig_31805	2	3	10398810	9899510	499300	13	72.85	74.99	2.14
gacu	Contig_66678	Contig_150	3	3	3013351	4146613	1133262	13	79.83	79.65	0.18
gacu	Contig_43908	Contig_41775	3	15	16194748	13638463	2556285	16	12.57	22.21	9.64
gacu	Contig_47606	Contig_167	6	15	4848136	6805497	1957361	16	53.06	59.06	6.00
gacu	Contig_19539	Contig_96382	4	15	9119966	9133702	267312	16	62.47	70.99	8.52
gacu	Contig_49213	Contig_66355	3	15	10029019	10853464	824445	16	76.73	83.30	6.57
gacu	Contig_21305	Contig_75761	2	15	10689684	10710915	21231	16	85.30	88.04	2.74
gacu	Contig_6230	Contig_99535	3	4	23797070	22199202	1722457	23	2.93	6.72	3.79
gacu	Contig_5987	Contig_8665	3	4	24265151	25753845	1488694	23	9.52	10.46	0.94
gacu	Soc527	Soc855	9	4	21290471	18839116	2703437	23	17.45	30.08	12.63
gacu	Contig_40908	Contig_8901	3	4	28491033	29710820	1219787	23	43.27	44.86	2.05
gacu	Soc1117	Contig_25345	2	4	29816128	30423530	607402	23	49.51	51.58	2.07
gacu	Contig_24687	Contig_4568	2	4	31475522	31377959	97563	23	52.84	58.24	5.40
gacu	Contig_36533	Contig_11650	2	20	2402423	2825284	422861	6	0.62	8.54	7.92
gacu	Contig_90362	Contig_28405	2	20	2735269	3310011	574742	6	16.68	16.68	0.00
gacu	Contig_74321	Contig_1062	3	20	7196095	7008674	626909	6	18.98	22.05	3.07
gacu	Contig_29679	Contig_12049	3	20	8395231	8458823	518043	6	24.57	26.24	1.68
gacu	Dla10	Contig_16536	4	20	9525117	10657523	1132406	6	28.48	32.61	4.13
gacu	Contig_12169	Soc777	4	20	12780671	11224474	1689759	6	35.82	52.98	17.16
gacu	Dla41	Contig_14304	2	20	14639438	15476952	837514	6	68.91	78.56	9.65
gacu	Soc1114	Dla68	2	7	2937287	1666670	1270617	3	0	30.15	30.15
gacu	Contig_1744	Soc640	5	7	4514767	4512526	646886	3	44.77	47.35	2.58
gacu	Contig_15427	Soc708	3	7	6184282	7848789	1664507	3	54.57	69.13	14.56
gacu	Contig_7672	Contig_37891	3	7	5066401	5596185	529784	3	75.89	75.89	0.00
gacu	Contig_36153	Contig_2674	7	6	16467976	11215796	5252180	9	10.15	31.31	21.16
gacu	Lcr03	Contig_17543	2	6	10001822	10388612	386790	9	38.63	38.63	0.00
gacu	Contig_31412	Contig_30988	6	6	9140824	6416508	2758617	9	42.32	50.16	7.84
gacu	Contig_93840	Contig_64606	3	6	5282064	2096711	3514537	9	65.42	67.63	2.21
gacu	Contig_9460	Contig_77943	3	2	19401023	20388609	987586	12	26.23	27.00	0.77
gacu	Soc1048	Contig_11657	5	2	5737440	6257310	524520	12	39.15	48.29	9.14
gacu	Contig_88910	Soc429	3	2	18014265	16973742	1040523	12	56.35	59.02	2.67
gacu	Contig_38120	Soc718	3	2	16667859	15706749	961110	12	59.80	62.25	2.45
gacu	Contig_8327	Contig_18991	3	2	13660249	14132550	472301	12	69.78	69.78	0.00
gacu	Soc1082	Contig_25827	4	2	13521860	13423299	818082	12	74.64	75.91	1.88
gacu	Contig_8602	Contig_21092	2	2	1995598	2029750	34152	12	91.89	93.16	1.27
gacu	Contig_7484	Contig_28605	2	2	9989358	8856518	1132840	12	98.24	99.34	1.10
gacu	Contig_26858	Dla79	4	5	4490379	3502041	988338	15	9.84	21.07	11.23
gacu	Contig_14976	Contig_1788	3	5	2518513	3134250	615737	15	23.27	29.62	6.35
gacu	Contig_52224	Dla59	2	5	449211	1289020	839809	15	33.30	33.41	0.11
gacu	Contig_15127	Contig_4024	2	5	8140249	8206996	66747	15	33.30	33.30	0.00
gacu	Contig_26681	Contig_57321	2	5	10216311	10404090	187779	15	52.16	53.96	1.80
gacu	Contig_32198	Contig_8081	3	5	11283147	11644007	360860	15	54.08	54.31	0.23
gacu	Contig_466	Contig_6681	2	10	15454512	14728802	725710	14	1.69	8.14	6.45
gacu	Contig_45920	Dla16	3	10	1170415	1230006	59591	14	10.03	10.74	0.71
gacu	Contig_57092	Soc645	9	10	13182448	7856202	5572000	14	33.69	66.86	33.17
gacu	Contig_34907	Contig_24879	2	10	6313994	5332124	981870	14	72.74	73.56	0.82
gacu	Contig_27026	Contig_51792	2	10	6988066	7155910	167844	14	73.56	73.56	0.00
gacu	Contig_11670	Contig_5976	2	10	3376552	5198941	1822389	14	75.17	76.77	1.60
gacu	Soc1133	Soc1134	2	10	3471097	3471097	0	14	78.91	81.60	2.69
gacu	Contig_34611	Contig_50092	2	7	19862254	19127164	735090	20	0.31	0.62	0.31
gacu	Contig_30476	Contig_7678	3	7	21435753	20964846	661681	20	3.41	5.13	1.72
gacu	Contig_19215	Contig_38207	2	7	21794450	23411224	1616774	20	7.15	7.15	0.00
gacu	Soc979	Contig_64508	7	7	21561180	27842567	6289422	20	12.51	45.53	33.03
gacu	Contig_5080	Contig_32385	2	7	15450773	14295243	1155530	20	55.36	61.06	5.70
gacu	Contig_8952	Contig_8141	2	7	12255577	13610579	1355002	20	69.63	69.63	0.00
gacu	Dla72	Contig_23708	2	7	12348844	12007916	340928	20	72.52	73.78	1.26
gacu	Contig_2626	Contig_17726	4	4	6393883	5651918	793900	8	21.42	28.14	6.72
gacu	Contig_9476	Contig_39212	8	4	10183718	15150437	5161479	8	36.64	60.89	24.25
gacu	Contig_31227	Contig_8903	3	4	16496913	17731442	1270515	8	69.43	71.98	2.55
gacu	Soc576	Contig_35183	2	4	4956525	4796131	160394	8	87.75	89.00	1.25
gacu	Contig_22073	Soc551	2	11	2498357	2982599	484242	4	6.64	8.07	1.43
gacu	Contig_40979	Contig_3343	3	11	1999794	202488	1797306	4	13.48	20.96	7.48
gacu	Contig_7066	Contig_105085	4	11	7310059	6389361	1115829	4	22.22	27.11	4.89
gacu	Contig_24591	Contig_21471	2	11	8647074	8848655	201581	4	32.27	33.54	1.27
gacu	Contig_34607	Contig_63165	2	11	9947333	9307537	639796	4	34.44	36.70	2.26
gacu	Contig_12011	Contig_52477	3	11	10012985	10754895	741910	4	40.00	41.97	1.97
gacu	Contig_28764	Soc891	2	11	12093646	12241965	148319	4	57.58	57.58	0.00
gacu	Soc1152	Contig_48824	4	11	5398532	3509158	1889374	4	66.48	78.29	11.81
gacu	Contig_772	Soc796	3	11	15186674	15859810	673136	4	87.32	89.53	2.21
gacu	Mmi04	Contig_9254	4	19	1822037	5899727	4077690	24	15.81	26.60	10.79
gacu	Contig_146	Contig_9872	2	19	6872461	6299710	572751	24	34.96	37.37	2.41
gacu	Soc1092	Contig_4059	2	19	16157223	16785516	628293	24	48.76	51.39	2.63
gacu	Contig_86884	Contig_22317	3	19	15327827	13130307	2197520	24	61.28	67.22	5.94
gacu	Contig_1141	Contig_1310	5	19	9415131	8578342	1381861	24	73.65	81.27	7.62
gacu	Contig_23868	Soc423	4	17	9750721	9856307	368073	10	7.77	10.77	3.00
gacu	Dla96	Contig_8535	2	17	13835151	14445172	610021	10	11.59	13.36	1.77
gacu	Soc1065	Contig_4294	8	17	9557519	6646871	3152723	10	14.77	27.52	12.75
gacu	Contig_33698	Contig_29474	4	17	3814023	5499023	1708054	10	34.38	41.82	7.44
gacu	Contig_63606	Mmi10	2	17	213641	1132264	918623	10	84.79	85.42	0.63
gacu	Soc659	Contig_24694	3	13	15947177	15848729	243114	19	9.07	13.48	4.41
gacu	Contig_29539	Soc897	4	13	19305627	18769546	536081	19	14.75	17.27	2.52
gacu	Dla71	Contig_41232	3	13	5415518	5538814	123296	19	27.26	29.17	1.91
gacu	Soc1025	Soc1051	2	13	1743653	1834713	91060	19	32.01	32.32	0.31
gacu	Contig_18995	Soc684	3	13	6203418	6841992	927415	19	39.55	54.18	14.63
gacu	Contig_57705	Contig_89815	2	13	11145836	11479926	334090	19	72.50	72.50	0.00
gacu	Contig_100848	Contig_91727	5	13	11570802	12347265	1052304	19	74.62	78.51	3.89
gacu	Soc887	Contig_367	3	13	13901306	12575553	1325753	19	81.34	85.23	3.89
gacu	Contig_49881	Contig_26057	2	1	13198697	11410025	1788672	5	7.48	8.46	0.98
gacu	Soc949	Soc418	2	1	10444908	9735547	709361	5	10.33	10.96	0.63
gacu	Contig_51758	Contig_14220	4	1	6726598	3082408	3644190	5	20.94	42.60	21.66
gacu	Contig_15433	Contig_42933	2	1	16545459	15990196	555263	5	58.45	74.60	16.15
gacu	Contig_80192	Contig_10565	2	1	18888726	17765348	1123378	5	75.69	77.12	1.43
lcal	Contig_4979	Contig_5468	2	1	7173088	7427774	254686	11	5.18	6.00	0.82
lcal	Soc548	Contig_10552	3	1	23410721	23115629	295092	11	10.54	15.89	5.35
lcal	Contig_86192	Contig_1236	2	1	24460611	25064270	603659	11	22.82	25.31	2.49
lcal	Contig_8571	Contig_3268	4	1	8263591	7951649	487016	11	25.05	26.29	1.24
lcal	Contig_38218	Soc1141	3	1	13165152	12921347	243805	11	36.35	37.37	1.02
lcal	Contig_15850	Soc1090	3	1	13617779	14036097	753126	11	38.64	41.03	2.39
lcal	Contig_97595	Contig_13624	2	1	19457854	19838291	380437	11	43.32	46.71	3.39
lcal	Contig_1918	Contig_26746	2	1	17829460	18331743	502283	11	47.37	51.25	3.88
lcal	Soc565	Soc693	2	1	22480113	21029013	1451100	11	68.42	70.95	2.53
lcal	Contig_2467	Soc648	2	1	771731	933986	162255	11	72.88	73.50	0.62
lcal	Soc1073	Contig_3312	5	6	1495429	4131397	2635968	21	3.69	4.31	0.62
lcal	Contig_88700	Contig_7495	2	6	6628384	5051473	1576911	21	3.69	12.45	8.76
lcal	Lcr04	Soc1052	3	6	7010015	9044207	2034192	21	12.45	19.80	7.35
lcal	Contig_24667	Soc1037	2	6	11257168	10281107	976061	21	19.80	22.99	3.19
lcal	Contig_39603	Soc832	4	6	11030394	13382683	2352289	21	24.70	44.35	19.65
lcal	Contig_1122	Soc1016	2	6	14806208	14103831	702377	21	44.35	46.80	2.45
lcal	Contig_41568	Contig_50528	5	6	19347225	18326108	1533153	21	50.90	59.39	8.49
lcal	Contig_10874	Contig_2519	3	6	22852833	23346555	493722	21	67.26	67.26	0.00
lcal	Contig_13434	Contig_48161	4	6	23893408	23975833	583895	21	68.53	78.11	9.58
lcal	Contig_8325	Contig_71936	4	6	24958157	25443935	485778	21	80.67	81.38	0.92
lcal	Soc642	Contig_6605	2	6	26072784	26898733	825949	21	89.33	91.93	2.60
lcal	Contig_49244	Contig_41834	2	24	3089077	4239681	1150604	7	0	3.31	3.31
lcal	Contig_7443	Soc792	3	24	5194546	5091433	537093	7	4.35	5.05	0.70
lcal	Dla44	Contig_7139	2	24	2027641	2798214	770573	7	6.48	6.48	0.00
lcal	Soc724	Contig_775	2	24	4220352	4194709	25643	7	6.48	6.48	0.00
lcal	Dla43	Contig_34000	2	24	571202	1818978	1247776	7	7.22	7.14	0.08
lcal	Soc826	Contig_62783	2	24	8106417	7775915	330502	7	15.15	18.00	2.85
lcal	Soc786	Contig_20392	10	24	8294733	11529324	3395915	7	18.00	35.99	17.99
lcal	Contig_24723	Contig_30176	2	24	12141948	12426392	284444	7	40.30	41.43	1.13
lcal	Contig_12913	Contig_30032	3	24	13173702	12988007	185695	7	44.04	48.91	4.87
lcal	Soc1099	Soc1098	2	24	14659928	14659928	0	7	54.86	56.46	1.60
lcal	Contig_32905	Soc1154	3	24	16405648	16704946	299298	7	56.46	56.46	0.00
lcal	Contig_39806	Contig_45543	3	24	14765670	15263291	497621	7	58.93	62.81	3.88
lcal	Contig_3269	Contig_22414	2	24	18446384	18402761	43623	7	68.80	68.80	0.00
lcal	Contig_47513	Contig_6874	2	24	16796684	17391286	594602	7	69.15	70.13	0.98
lcal	Contig_11817	Contig_2038	2	24	19101849	19101557	292	7	73.15	74.88	1.73
lcal	Soc726	Dla53	2	24	19591582	19327851	263731	7	77.37	80.77	3.40
lcal	Contig_52215	Soc1046	2	7_2	11057400	11355822	298422	2	28.59	31.54	2.95
lcal	Contig_64591	Contig_10030	2	7_2	9508320	9690535	182215	2	37.34	37.34	0.00
lcal	Contig_38410	Contig_8822	4	7_2	7901480	8514490	613010	2	39.94	39.94	0.00
lcal	Contig_13020	Contig_80464	2	7_2	2065402	1587423	477979	2	44.57	47.13	2.56
lcal	Contig_46769	Contig_22266	2	7_2	3621578	4083239	461661	2	59.53	59.53	0.00
lcal	Contig_17279	Contig_27597	3	7_2	4285491	4188831	168424	2	72.23	73.49	1.26
lcal	Contig_36009	Contig_87726	3	7_1	21908522	20734430	1174092	17	4.07	5.56	1.49
lcal	Contig_151	Contig_59286	2	7_1	17918806	18522249	603443	17	8.78	10.22	1.44
lcal	Contig_33873	Contig_36718	4	7_1	16396080	16612581	391123	17	17.95	23.95	6.00
lcal	Lcr08	Soc880	6	7_1	15064607	13290929	1773678	17	23.97	42.17	18.20
lcal	Contig_56723	Soc810	2	7_1	12305803	11489172	816631	17	46.43	48.64	2.21
lcal	Contig_3031	Contig_17415	3	7_1	10601985	11367044	765059	17	51.81	51.81	0.00
lcal	Soc1124	Contig_57461	2	7_1	10681679	11307115	625436	17	54.38	57.91	3.53
lcal	Contig_3903	Contig_911	3	7_1	8869826	9526021	656195	17	59.23	60.01	1.42
lcal	Contig_1905	Dla89	2	7_1	4420943	5129380	708437	17	61.00	61.16	0.16
lcal	Contig_13196	Soc731	2	7_1	5466862	5552702	85840	17	65.74	65.74	0.00
lcal	Soc1072	Contig_6925	2	7_1	6408491	6541599	133108	17	65.74	65.74	0.00
lcal	Contig_24314	Contig_51690	2	7_1	6999228	7336559	337331	17	67.14	68.83	1.69
lcal	Contig_39896	Contig_3199	2	7_1	1076577	1602982	526405	17	81.95	83.22	1.27
lcal	Contig_23235	Contig_305	4	9	2162114	2530445	547103	22	4.09	8.45	4.39
lcal	Contig_6646	Contig_72831	3	9	5442958	5473018	215789	22	7.26	8.00	0.74
lcal	Contig_19620	Contig_1886	3	9	2735988	3136659	984392	22	9.99	11.38	1.68
lcal	Contig_6405	Contig_35102	2	9	11814016	12294514	480498	22	23.59	27.66	4.07
lcal	Contig_23642	Soc658	4	9	11365646	11387268	484118	22	34.77	36.21	1.74
lcal	Contig_3575	Soc657	4	9	10004417	9470276	534141	22	41.16	44.71	3.55
lcal	Contig_61269	Contig_72963	3	9	17264783	15808326	1456457	22	48.41	49.59	1.18
lcal	Contig_37162	Soc656	2	9	1230540	701345	529195	22	68.46	73.57	5.11
lcal	Lcr12	Contig_44164	2	9	17778988	17293634	485354	22	74.87	76.17	1.30
lcal	Contig_12764	Soc653	2	5	17155884	18080452	924568	1	0	4.50	4.50
lcal	Contig_7095	Soc1063	8	5	16922935	12445449	4477486	1	4.19	24.45	20.26
lcal	Contig_72280	Contig_10411	5	5	6255861	7498856	1269557	1	24.78	29.96	5.18
lcal	Contig_56045	Soc400	3	5	7547517	9176034	1628517	1	31.09	33.62	2.53
lcal	Soc509	Soc1054	2	5	9307775	9518548	210773	1	35.75	35.75	0.00
lcal	Contig_35255	Contig_65238	4	5	5935275	2123288	3811987	1	37.22	52.85	15.63
lcal	Contig_1630	Contig_39876	2	5	19562083	19513914	48169	1	55.51	60.09	4.58
lcal	Dla97	Contig_1911	3	5	21736941	21239692	1193131	1	58.02	60.09	2.07
lcal	Contig_40846	Contig_12766	2	5	22113609	22458145	344536	1	63.30	65.55	2.25
lcal	Contig_33862	Contig_29953	5	5	25769169	27400828	1631659	1	75.03	77.94	2.91
lcal	Soc1085	Contig_24603	3	5	28475871	27868265	607606	1	77.31	79.84	2.53
lcal	Contig_34015	Contig_39819	2	5	25258905	24985607	273298	1	83.11	93.91	10.80
lcal	Contig_14829	Contig_48749	3	17	5727360	6300579	573219	18	2.74	4.52	1.78
lcal	Soc703	Contig_106699	3	17	26479903	26991639	511736	18	6.38	5.76	0.62
lcal	Contig_3776	Soc567	3	17	23880819	25791795	1910976	18	7.31	7.31	0.00
lcal	Contig_2075	Contig_35477	4	17	7330093	6790501	539592	18	8.57	11.88	3.31
lcal	Contig_52548	Contig_5761	4	17	5451049	5368820	425371	18	16.28	21.73	5.45
lcal	Contig_46859	Contig_38502	2	17	8426330	8144539	281791	18	35.58	36.80	1.22
lcal	Soc661	Contig_78618	7	17	10240247	14322882	4082635	18	41.46	57.42	16.58
lcal	Contig_44732	Contig_93619	3	17	16134077	16845694	711617	18	59.70	59.70	0.00
lcal	Contig_26837	Contig_38804	4	17	19714551	18940636	799773	18	66.99	69.31	2.32
lcal	Contig_24552	Contig_44761	3	17	20453332	21420224	966892	18	72.40	74.28	1.88
lcal	Soc581	Soc424	2	17	23361925	23207910	154015	18	75.54	76.25	0.71
lcal	Soc1127	Soc821	2	17	3931637	3838392	93245	18	82.57	82.57	0.00
lcal	Contig_56923	Contig_94624	2	4	1989275	2930710	941435	13	0.76	2.87	2.11
lcal	Contig_16461	Soc713	4	4	2950247	3577952	627705	13	9.53	12.05	2.52
lcal	Contig_7266	Contig_3250	2	4	6295591	5750790	544801	13	22.40	26.92	4.52
lcal	Contig_2419	Contig_53258	20	4	8809386	16573632	8183994	13	30.78	67.14	36.36
lcal	Contig_15868	Soc507	2	4	18552980	19053978	500998	13	71.01	72.85	1.84
lcal	Contig_88237	Contig_33200	10	4	19134236	22346217	3211981	13	77.14	80.27	3.13
lcal	Contig_64456	Soc1047	3	4	23786220	25130265	1374634	13	80.27	80.27	0.00
lcal	Soc1156	Contig_43908	4	19	1132186	3152312	2020126	16	4.99	12.57	7.58
lcal	Contig_16651	Contig_22079	2	19	7277751	7072634	205117	16	28.06	32.67	4.61
lcal	Soc888	Dla84	2	19	8849131	8864261	15130	16	32.67	32.67	0.00
lcal	Contig_18654	Soc647	9	19	9482713	11219698	1970528	16	40.42	53.76	13.34
lcal	Dla60	Contig_12351	4	19	11686101	12670039	983938	16	55.87	55.87	0.70
lcal	Contig_6436	Contig_167	3	19	13691426	13292470	1021695	16	55.87	59.06	3.19
lcal	Soc1067	Contig_7218	6	19	14515928	17289165	2773237	16	63.84	76.16	12.32
lcal	Contig_93882	Contig_49213	3	19	17553867	17368918	184949	16	76.16	76.73	0.57
lcal	Contig_3074	Contig_21305	4	19	18078225	18167208	296299	16	82.03	85.30	3.27
lcal	Contig_30701	Soc550	3	19	19784970	20522280	781384	16	86.01	88.04	2.03
lcal	Soc609	Soc994	3	19	21805787	21404218	401569	16	91.19	92.58	1.39
lcal	Contig_18025	Contig_99535	2	18	13984196	14692239	708043	23	4.06	6.72	2.66
lcal	Contig_8665	Contig_40403	3	18	15259480	16046169	786689	23	10.46	10.46	0.00
lcal	Soc1012	Contig_9479	2	18	17557694	17219935	337759	23	10.46	12.01	1.55
lcal	Contig_26817	Contig_32828	3	18	4197580	4669042	471462	23	18.17	18.88	1.43
lcal	Soc521	Contig_18314	8	18	4080635	1980018	2100711	23	19.60	30.08	10.48
lcal	Contig_40908	Contig_8901	6	18	5413043	6997563	1584520	23	43.27	44.86	2.05
lcal	Soc1117	Contig_25345	2	18	7154560	7987144	832584	23	49.51	51.58	2.07
lcal	Contig_13755	Contig_4568	3	18	9387573	9268680	314049	23	53.70	58.24	5.40
lcal	Lcr01	Contig_10356	4	18	11563623	11982885	419262	23	60.30	69.53	9.23
lcal	Contig_28881	Contig_72330	3	18	12786907	13619919	833012	23	70.16	72.67	2.51
lcal	Contig_36533	Soc583	2	15	16024686	15517521	507165	6	0.62	2.34	1.72
lcal	Contig_28405	Contig_90362	2	15	29803966	30499576	695610	6	16.68	16.68	0.00
lcal	Contig_33248	Contig_1875	3	15	26960262	27018294	328783	6	17.00	18.92	1.92
lcal	Contig_6637	Contig_1062	2	15	25747082	25227712	519370	6	20.47	22.05	1.58
lcal	Contig_93038	Contig_12049	3	15	22818197	23288900	539857	6	24.56	26.24	1.68
lcal	Dla10	Soc412	4	15	22094466	21374998	824099	6	28.48	31.18	2.70
lcal	Contig_16536	Contig_39564	4	15	12633106	12121388	1173261	6	32.61	42.13	9.52
lcal	Soc568	Contig_28213	2	15	10831898	9869541	962357	6	40.62	48.55	7.93
lcal	Contig_61880	Soc777	3	15	8765159	9551494	786335	6	50.59	52.98	2.77
lcal	Contig_76926	Contig_50499	2	15	8294836	7624938	669898	6	52.63	55.97	3.34
lcal	Soc704	Contig_7193	2	15	7321829	7004507	317322	6	56.53	58.57	2.04
lcal	Contig_70686	Contig_9054	2	15	6993684	6881889	111795	6	59.93	60.88	0.95
lcal	Dla41	Contig_64605	2	15	3755044	3761341	6297	6	68.91	70.12	1.21
lcal	Contig_4235	Contig_32096	2	15	1860870	2305112	444242	6	71.77	71.77	0.00
lcal	Soc570	Soc709	2	15	681591	178494	503097	6	82.00	84.12	2.12
lcal	Contig_59130	Contig_22201	2	14	10965850	11609186	643336	3	12.13	17.38	5.25
lcal	Contig_30753	Contig_36884	2	14	7750659	7781734	31075	3	41.35	42.02	0.67
lcal	Contig_6456	Contig_1744	4	14	8818026	9764366	946340	3	45.47	44.77	0.70
lcal	Contig_27075	Contig_10306	2	14	8265964	8485336	219372	3	46.10	46.10	0.00
lcal	Contig_18443	Contig_51691	5	15	21072472	18540263	2532209	3	49.52	66.09	16.57
lcal	Soc708	Contig_4628	5	14	5930454	5324919	605535	3	69.13	71.37	2.24
lcal	Contig_7672	Contig_6325	2	14	10311535	10385883	74348	3	75.89	75.89	0.00
lcal	Dla87	Contig_59013	3	14	4077882	4538536	744988	3	79.30	80.35	1.05
lcal	Contig_23132	Contig_32642	3	14	2197928	2052415	340792	3	80.71	83.54	2.83
lcal	Contig_9212	Contig_7080	3	14	1517180	927862	589318	3	84.20	92.21	8.01
lcal	Soc563	Contig_106791	3	16-22	16338288	15079940	1258348	9	9.19	13.77	4.58
lcal	Contig_3632	Contig_11906	3	16-22	16218543	18142862	1961885	9	15.02	16.94	1.92
lcal	Dla69	Contig_2674	6	16-22	14610473	11021377	3589096	9	18.81	31.31	12.50
lcal	Soc562	Contig_17543	4	16-22	9523941	10082101	630742	9	37.64	38.63	0.99
lcal	Contig_31412	Contig_76354	4	16-22	8557552	6647860	1956177	9	42.32	45.68	3.36
lcal	Contig_26225	Contig_18915	2	16-22	5811102	6093073	281971	9	47.09	48.64	1.55
lcal	Contig_30988	Soc995	2	16-22	5250306	5265570	15264	9	50.16	50.16	0.00
lcal	Contig_27989	Contig_5999	2	16-22	3547538	3735064	187526	9	55.53	55.53	0.00
lcal	Contig_27183	Soc1151	2	16-22	4533789	4071781	462008	9	55.53	56.15	0.62
lcal	Contig_66941	Contig_21958	2	16-22	573035	659117	86082	9	65.42	65.42	0.00
lcal	Contig_5374	Contig_64606	3	16-22	492434	1222214	729780	9	66.99	67.63	0.64
lcal	Soc711	Contig_24458	2	16-22	24450863	23681977	768886	9	78.60	80.87	2.27
lcal	Contig_77943	Contig_15869	2	2	10801163	10870491	69328	12	27.00	27.00	0.00
lcal	Contig_32386	Contig_5594	2	2	11723017	12688036	965019	12	26.61	26.61	0.00
lcal	Contig_8845	Contig_4308	2	2	12688611	14122538	1433927	12	28.79	28.79	0.00
lcal	Contig_542	Contig_23162	7	2	7760669	6799032	1194479	12	38.29	45.74	7.45
lcal	Contig_35167	Contig_11657	4	2	6437403	6442196	1098909	12	43.69	48.29	4.60
lcal	Contig_88777	Contig_9344	9	2	18277815	22507796	4646833	12	49.71	62.25	12.54
lcal	Soc718	Contig_8327	5	2	23873803	26540447	2666644	12	62.25	69.78	7.53
lcal	Soc1082	Contig_25827	2	2	26368275	26235216	133059	12	74.64	75.91	1.27
lcal	Soc602	Contig_4454	4	2	27409956	28928878	1518922	12	75.91	77.15	1.43
lcal	Contig_8602	Contig_21092	2	2	17278190	17314753	36563	12	91.89	93.16	1.27
lcal	Contig_7484	Contig_28605	2	2	1817007	3283266	1466259	12	98.24	99.34	1.10
lcal	Contig_80248	Contig_19458	2	23	9823337	10438846	615509	15	1.98	3.53	1.55
lcal	Contig_7216	Contig_10826	4	23	17069076	15674264	1781817	15	5.28	10.58	5.30
lcal	Contig_5264	Soc1148	4	23	14317810	14301405	375571	15	19.54	20.40	0.96
lcal	Contig_14976	Contig_1788	4	23	6061575	5334661	726914	15	23.27	29.62	6.35
lcal	Contig_48441	Contig_26324	2	23	9150704	9518178	367474	15	31.30	32.05	0.75
lcal	Contig_15127	Contig_52224	2	23	10762605	11693288	930683	15	33.30	33.30	0.00
lcal	Contig_21639	Contig_7509	3	23	6244411	6556522	415727	15	46.48	49.01	2.53
lcal	Contig_36223	Contig_57321	6	23	7943360	7675611	627769	15	49.01	53.96	4.95
lcal	Soc601	Contig_8081	3	23	6835954	6644817	362945	15	53.65	54.31	0.66
lcal	Contig_13828	Contig_616	2	23	2211422	2174557	36865	15	67.99	69.18	1.19
lcal	Contig_4075	Contig_18114	2	23	2517276	4153719	1636443	15	69.18	70.34	1.16
lcal	Contig_59464	Contig_2149	3	23	2430918	2610969	485484	15	71.01	73.27	2.26
lcal	Contig_79640	Contig_77944	2	23	970494	1154397	183903	15	77.46	77.85	0.39
lcal	Contig_466	Soc598	5	3	23292520	21419615	1872905	14	1.69	8.14	6.45
lcal	Dla16	Contig_14455	6	3	19244637	19843760	599123	14	10.74	10.38	0.71
lcal	Contig_24826	Soc1060	2	3	21011592	20948816	62776	14	17.49	17.49	0.00
lcal	Contig_9040	Contig_16402	2	3	2670172	3328984	658812	14	38.68	41.77	3.09
lcal	Contig_12599	Soc645	16	3	6077703	11453981	5376278	14	44.44	66.86	22.42
lcal	Contig_34907	Contig_27026	2	3	13967908	14740647	772739	14	72.74	73.56	0.82
lcal	Contig_24879	Contig_5976	2	3	12716218	12554121	162097	14	73.56	76.77	3.21
lcal	Soc1133	Contig_7391	4	3	16230487	17029998	799511	14	78.91	86.37	7.46
lcal	Contig_50092	Soc622	4	20	20001044	21672450	1671406	20	0.62	3.44	2.82
lcal	Contig_38207	Contig_94448	2	20	18200600	18737950	537350	20	7.15	11.10	3.95
lcal	Soc979	Contig_62771	3	20	14381563	14393834	217286	20	12.51	12.50	0.01
lcal	Contig_41910	Contig_62439	3	20	18748441	19033722	369016	20	13.76	13.13	0.63
lcal	Contig_43170	Contig_16876	3	20	16446286	16154743	291543	20	24.15	25.89	1.74
lcal	Contig_19553	Contig_14434	3	20	17539340	16322167	1217173	20	25.89	29.75	3.86
lcal	Contig_10006	Contig_26653	2	20	2534014	3433358	899344	20	30.74	33.39	2.65
lcal	Contig_33583	Contig_53321	2	20	11269101	11256154	12947	20	49.79	50.18	0.39
lcal	Contig_32385	Contig_19050	2	20	7944139	8442597	498458	20	61.06	61.06	0.00
lcal	Contig_8952	Contig_58696	3	20	6420765	7469287	1048522	20	69.63	69.63	0.00
lcal	Soc1103	Contig_45093	4	20	6403782	5621973	968610	20	72.52	73.78	1.26
lcal	Contig_9483	Contig_22492	2	8	21534239	22514604	980365	8	4.15	4.15	0.00
lcal	Soc638	Contig_15119	2	8	1213304	919980	293324	8	5.40	8.55	3.15
lcal	Contig_2626	Contig_18491	6	8	16243616	15048218	1195398	8	21.42	32.65	11.23
lcal	Soc762	Contig_2560	3	8	10903414	12310369	1406955	8	36.64	36.64	0.00
lcal	Contig_11932	Contig_25402	2	8	9248510	10539857	1291347	8	41.92	41.92	0.00
lcal	Dla02	Contig_75530	7	8	9215464	6825026	2961747	8	44.06	55.38	11.32
lcal	Contig_11615	Contig_8511	2	8	5758444	5235841	522603	8	57.58	58.00	0.42
lcal	Soc639	Contig_39212	2	8	6070212	5930310	139902	8	59.25	60.89	1.64
lcal	Contig_44490	Contig_31227	2	8	4153025	4407807	254782	8	67.09	69.43	2.34
lcal	Contig_48742	Soc552	4	8	3291408	2623258	1050557	8	69.43	73.25	3.82
lcal	Contig_44525	Contig_25514	2	8	23689653	23425035	264618	8	73.87	75.86	1.99
lcal	Soc1050	Contig_4766	3	8	19063303	19007205	133195	8	81.31	82.86	1.55
lcal	Contig_61080	Contig_39568	2	8	25484523	25249004	235519	8	85.61	87.04	1.43
lcal	Soc576	Contig_35183	4	8	24439815	24106561	514599	8	87.75	89.00	1.25
lcal	Contig_22073	Soc551	2	11	19396731	18650191	746540	4	6.64	8.07	1.43
lcal	Contig_15353	Contig_1130	4	11	22489189	21974715	738835	4	11.56	18.36	6.80
lcal	Contig_7066	Contig_62510	5	11	3659344	5739720	2080376	4	22.22	28.86	6.64
lcal	Contig_52352	Contig_24591	2	11	8841596	9016344	174748	4	32.27	32.27	0.00
lcal	Contig_21471	Contig_63165	2	11	9190560	9745525	554965	4	33.54	36.70	3.16
lcal	Soc663	Soc1040	4	11	11202643	10621036	718461	4	38.81	43.15	4.34
lcal	Contig_38556	Soc891	2	11	14103994	13298876	805118	4	54.96	57.58	2.62
lcal	Contig_15666	Contig_64871	5	11	15296721	17158746	1862025	4	63.35	74.39	11.04
lcal	Contig_772	Contig_72103	5	11	1675443	2006707	338088	4	87.32	87.95	0.63
lcal	Contig_10686	Contig_49135	3	11	3209193	2406691	1096409	4	87.95	90.68	2.73
lcal	Soc1143	Soc541	3	10	22711331	24752986	2041655	24	2.90	8.69	5.79
lcal	Contig_1926	Contig_37743	2	10	25909956	25043672	866284	24	9.78	11.79	2.01
lcal	Mmi04	Soc1058	2	10	21679114	22303586	624472	24	15.81	19.04	3.23
lcal	Contig_15392	Contig_3960	2	10	6413751	7123267	709516	24	23.02	24.95	1.93
lcal	Contig_5090	Contig_14121	6	10	8064578	9991686	1957021	24	24.95	29.72	4.77
lcal	Contig_49010	Contig_16010	2	10	12213592	12265714	52122	24	34.96	34.96	0.00
lcal	Contig_38885	Contig_41579	2	10	12758926	13130234	371308	24	43.61	46.83	3.22
lcal	Dla85	Soc1092	3	10	14162047	14686045	523998	24	46.83	48.76	1.93
lcal	Contig_41456	Contig_40525	4	10	16295820	18605633	2309813	24	63.00	67.19	4.22
lcal	Contig_31777	Contig_106863	4	10	1195749	1626840	498179	24	73.65	76.50	2.85
lcal	Contig_40800	Soc719	3	10	4916037	4858498	390485	24	77.23	79.38	2.15
lcal	Contig_23868	Contig_8734	2	12	15485953	15496132	10179	10	7.77	9.33	1.56
lcal	Contig_38648	Contig_7034	4	12	15331473	15808221	476748	10	11.59	16.04	4.64
lcal	Contig_20317	Contig_11649	2	12	16558821	16232517	326304	10	16.95	18.00	1.05
lcal	Contig_6243	Contig_25685	3	12	17645922	18461725	815803	10	20.92	24.20	3.28
lcal	Contig_27201	Contig_4294	2	12	18895986	19085858	189872	10	25.65	27.52	1.87
lcal	Contig_24202	Contig_34242	4	12	7223425	8434545	1211120	10	32.64	34.63	2.36
lcal	Soc686	Dla105	2	12	27187075	27689682	502607	10	37.60	37.60	0.00
lcal	Contig_26559	Contig_29474	2	12	24994893	26169593	1174700	10	42.43	41.82	0.61
lcal	Contig_75800	Contig_5437	4	12	24438804	21959604	2479200	10	46.70	56.22	9.52
lcal	Contig_3477	Contig_31364	2	12	3945023	4602564	657541	10	69.18	73.90	4.72
lcal	Contig_47989	Mmi10	4	12	3058749	3089282	2379485	10	75.40	85.42	10.02
lcal	Contig_15294	Contig_24248	2	13	20774789	21806773	1031984	19	1.25	8.26	7.01
lcal	Contig_14569	Contig_11445	2	13	19993835	20285728	291893	19	7.95	9.07	1.12
lcal	Soc659	Contig_24694	3	13	19140530	19013227	333353	19	9.07	13.48	4.41
lcal	Contig_29539	Contig_9368	7	13	23653171	25690877	2523859	19	14.75	20.39	5.64
lcal	Dla71	Contig_41232	3	13	6068694	6205907	137213	19	27.26	29.17	1.91
lcal	Soc1025	Soc1051	2	13	4160519	4053683	106836	19	32.01	32.32	0.31
lcal	Contig_18995	Contig_10741	2	13	7041066	7201011	159945	19	39.55	43.57	4.02
lcal	Soc439	Soc684	2	13	8222582	7846626	375956	19	53.11	54.18	1.07
lcal	Soc569	Soc1006	5	13	8776649	12640883	4033664	19	61.71	72.50	10.79
lcal	Contig_57705	Contig_89815	2	13	13214316	13639578	425262	19	72.50	72.50	0.00
lcal	Contig_100848	Soc965	4	13	13743961	14016891	279270	19	74.62	74.62	0.00
lcal	Contig_27134	Contig_91727	2	13	15011351	14710804	300547	19	77.30	78.51	1.21
lcal	Contig_33889	Soc1066	2	13	14471950	13910474	561476	19	79.91	80.62	0.71
lcal	Soc532	Soc887	2	13	16293697	16506269	212572	19	82.04	81.34	0.70
lcal	Soc929	Contig_367	2	13	16033878	14965251	1068627	19	82.67	85.23	2.56
lcal	Contig_13270	Contig_224	2	13	16696253	17321318	625065	19	85.23	88.42	3.19
lcal	Contig_4337	Soc949	3	21	13774376	13918678	188820	5	8.93	10.33	1.40
lcal	Soc418	Contig_80823	5	21	13013854	9849376	3164478	5	10.96	18.15	7.19
lcal	Contig_51758	Contig_14220	8	21	8985670	4131138	4854532	5	20.94	42.60	21.66
lcal	Contig_33314	Contig_2723	4	21	23273019	22679479	599448	5	51.08	54.77	3.69
lcal	Contig_15433	Contig_4040	2	21	20755874	21175565	419691	5	58.45	61.29	2.84
lcal	Contig_6596	Contig_44858	2	21	24868439	25247788	379349	5	61.91	63.84	1.93
lcal	Contig_47650	Contig_42933	2	21	22174868	21457838	717030	5	73.98	74.60	0.62
trub	Contig_9451	Contig_1597	8	1	23142096	16737641	6404455	11	25.67	43.32	17.65
trub	Contig_1918	Contig_26746	2	1	15087572	15431877	344305	11	47.37	51.25	3.88
trub	Soc693	Contig_68171	2	1	12487237	14069862	1582625	11	70.95	73.50	2.55
trub	Soc1075	Contig_75639	10	3	3307102	10050260	6743158	21	12.45	58.88	46.43
trub	Contig_41732	Contig_31700	3	3	13053117	12725348	391382	21	69.79	99.73	29.94
trub	Dla44	Dla43	2	10	1246444	506026	740418	7	6.48	7.22	0.74
trub	Contig_59073	Contig_874	3	10	4170900	4392093	221193	7	28.55	28.56	0.01
trub	Contig_12913	Contig_18930	3	10	5435314	5425523	124322	7	44.04	48.91	4.87
trub	Soc1099	Dla53	7	10	6355479	8794315	2438836	7	54.86	80.77	25.91
trub	Contig_38410	Contig_9499	2	8	2339035	2509052	170017	2	39.94	39.94	0.00
trub	Contig_54081	Contig_70432	2	8	7105269	6841722	263547	2	77.93	79.88	1.95
trub	Contig_38333	Contig_36718	2	16	3544693	3321988	222705	17	19.00	23.95	4.95
trub	Soc1027	Contig_57461	6	16	5136775	6545610	1408835	17	37.51	57.91	20.40
trub	Contig_29858	Contig_24314	4	16	8860881	8258957	601924	17	62.47	67.14	4.67
trub	Contig_39896	Contig_3199	2	16	1501046	1314913	186133	17	81.95	83.22	1.27
trub	Soc616	Contig_3575	3	6	7405720	8419166	1013446	22	34.77	41.16	6.39
trub	Contig_1924	Contig_16159	2	6	6096821	6888274	791453	22	56.10	77.24	21.14
trub	Contig_44164	Soc781	2	6	4669867	5854125	1184258	22	76.17	81.37	5.20
trub	Contig_72280	Soc1063	2	17	8257038	9119248	862210	1	24.78	24.45	0.33
trub	Contig_8259	Contig_35255	6	17	8276286	6104755	2305853	1	28.60	37.22	8.62
trub	Dla97	Contig_29953	4	17	1930161	3280513	1462207	1	58.02	77.94	19.92
trub	Contig_14829	Contig_48749	3	20	2359130	2743113	383983	18	2.74	4.52	1.78
trub	Soc567	Contig_3776	2	20	12649598	13366204	716606	18	7.31	7.31	0.00
trub	Contig_2075	Contig_35477	3	20	3536472	3130260	406212	18	8.57	11.88	3.31
trub	Contig_52548	Contig_9756	3	20	2137650	2338778	277423	18	16.28	19.46	3.18
trub	Contig_46859	Contig_326	9	20	4272327	10165583	5893256	18	35.58	64.54	28.96
trub	Soc1127	Soc821	2	20	778089	850257	72168	18	82.57	82.57	0.00
trub	Mmi06	Contig_56840	2	22	11443779	11460800	17021	13	10.78	12.05	1.27
trub	Contig_48834	Contig_63899	2	22	1765135	1029006	736129	13	15.73	31.75	16.02
trub	Contig_44101	Contig_8622	2	22	386420	732956	346536	13	32.63	32.63	0.00
trub	Contig_10041	Contig_53258	7	22	7411746	8899283	1730797	13	51.86	67.14	15.28
trub	Contig_64456	Contig_150	2	22	5456322	6467187	1010865	13	80.27	79.65	0.62
trub	Contig_28122	Dla84	3	2	8682705	8855385	186564	16	12.57	32.67	20.10
trub	Contig_18654	Contig_63124	2	2	8469163	8348942	120221	16	40.42	50.92	10.50
trub	Contig_1759	Dla60	4	2	5558309	6888312	1330003	16	54.46	55.87	1.41
trub	Contig_19539	Contig_21305	6	2	4316298	2657471	1904977	16	62.47	85.30	22.83
trub	Contig_66355	Contig_52749	3	2	348799	406337	112610	16	83.30	93.07	9.77
trub	Contig_11233	Contig_15319	5	18	7817838	4744364	3073474	23	3.44	45.32	41.88
trub	Contig_23290	Contig_25345	2	18	3960106	4155434	195328	23	46.75	51.58	4.83
trub	Contig_24687	Contig_28455	4	18	3529006	1581163	1947843	23	52.84	71.41	18.57
trub	Contig_36533	Soc583	2	7	4507708	4753925	246217	6	0.62	2.34	1.72
trub	Contig_11650	Contig_90362	2	7	5714403	5634631	79772	6	8.54	16.68	8.14
trub	Contig_6637	Contig_1062	2	7	8753236	9138713	385477	6	20.47	22.05	1.58
trub	Contig_93038	Contig_27414	8	7	10642021	14076988	3434967	6	24.56	50.21	25.65
trub	Contig_19224	Soc704	2	7	44320	788427	744107	6	56.53	56.53	0.00
trub	Dla41	Contig_14304	2	7	2053131	1475827	577304	6	68.91	78.56	9.65
trub	Contig_22201	Contig_36884	2	8	11008498	12270269	1261771	3	17.38	42.02	24.64
trub	Contig_1744	Contig_20030	4	8	13219465	12748364	471101	3	44.77	47.35	2.58
trub	Contig_3783	Contig_7080	4	8	10802375	9177486	1624889	3	70.42	92.21	21.79
trub	Contig_23536	Contig_3632	2	4	5533636	5774784	241148	9	12.41	15.02	2.61
trub	Dla69	Dla91	3	4	4997980	4428352	569628	9	18.81	23.02	4.21
trub	Soc562	Lcr03	3	4	9888605	9830742	374474	9	37.64	38.63	0.99
trub	Contig_31412	Contig_93840	7	4	10572538	13676946	3104408	9	42.32	65.42	23.10
trub	Contig_21958	Contig_64606	2	4	591887	194144	397743	9	65.42	67.63	2.21
trub	Contig_33841	Contig_23162	6	13	7655381	11571050	4147706	12	26.61	45.74	19.51
trub	Soc429	Soc718	4	13	5828316	6943773	1115457	12	59.02	62.25	3.23
trub	Soc1041	Contig_8327	2	13	4462194	3405747	1056447	12	68.13	69.78	1.65
trub	Contig_18991	Contig_102220	2	13	4658181	4770050	111869	12	69.78	69.78	0.00
trub	Soc1082	Contig_25827	2	13	3285910	3167253	118657	12	74.64	75.91	1.27
trub	Contig_7484	Contig_28605	2	13	14824708	13916554	908154	12	98.24	99.34	1.10
trub	Contig_10826	Dla79	4	1	1405362	566202	839160	15	10.58	21.07	10.49
trub	Contig_15127	Contig_4024	2	1	4497003	4560793	63790	15	33.30	33.30	0.00
trub	Contig_7509	Contig_26472	6	1	7292028	5381606	2906050	15	49.01	71.37	22.36
trub	Contig_466	Soc1108	4	12	7100847	3446924	3943329	14	1.69	48.24	46.55
trub	Contig_2682	Soc850	3	12	2917497	3157457	239960	14	49.65	49.65	0.00
trub	Contig_42240	Soc645	3	12	879488	2504617	1625129	14	54.01	66.86	12.85
trub	Soc1133	Soc1134	2	12	8520512	8520512	0	14	78.91	81.60	2.69
trub	Contig_17896	Contig_13501	2	15	11287358	11382648	95290	20	0.31	4.14	3.83
trub	Contig_38207	Contig_393	2	15	5257159	5291564	34405	20	7.15	12.50	5.35
trub	Contig_30294	Contig_62771	2	15	10692842	10759907	67065	20	12.51	12.50	0.01
trub	Contig_5107	Soc1071	2	15	6351592	6098351	253241	20	24.15	28.49	4.34
trub	Soc630	Contig_26653	2	15	4059816	4450673	390857	20	32.17	33.39	1.22
trub	Contig_8178	Contig_64508	2	15	2274076	3758328	1484252	20	44.26	45.53	1.27
trub	Contig_33583	Contig_5080	2	15	8808476	7420257	1388219	20	49.79	55.36	5.57
trub	Contig_32385	Contig_23708	2	15	160922	774929	614007	20	61.06	73.78	12.72
trub	Contig_51370	Contig_22492	2	14	9446712	12014607	2567895	8	4.15	4.15	0.00
trub	Contig_54341	Soc620	6	14	1585653	7560839	5975186	8	26.47	54.98	28.51
trub	Contig_11615	Contig_39212	3	14	8023169	7866959	299000	8	57.58	60.89	3.31
trub	Contig_22073	Contig_15353	2	5	2828518	2911759	83241	4	6.64	11.56	4.92
trub	Contig_63599	Contig_3343	3	5	613895	2202054	1588159	4	13.48	20.96	7.48
trub	Contig_38144	Contig_105085	3	5	10545689	10371067	327585	4	26.32	27.11	0.79
trub	Soc804	Contig_15666	5	5	8751009	4841828	3909181	4	33.76	63.35	29.59
trub	Contig_10013	Contig_33822	3	9	11096956	12148935	1051979	24	2.28	29.10	26.82
trub	Contig_9872	Contig_16836	2	9	8877698	8756927	120771	24	37.37	41.28	3.91
trub	Soc1092	Contig_2752	2	9	2014606	2614149	599543	24	48.76	51.33	2.57
trub	Contig_58292	Contig_22317	2	9	7022527	7656483	633956	24	64.26	67.22	2.96
trub	Contig_8734	Soc1065	2	19	10291730	10178150	113580	10	9.33	14.77	5.44
trub	Contig_25685	Contig_4294	3	19	11238708	11638103	399395	10	24.20	27.52	3.32
trub	Contig_45139	Contig_29474	2	19	7645079	8781124	1136045	10	41.04	41.82	0.78
trub	Contig_75800	Contig_12856	3	19	6154227	5211338	942889	10	46.70	51.89	5.19
trub	Contig_3477	Soc1087	2	19	1375849	3944831	2568982	10	69.18	71.41	2.23
trub	Soc919	Contig_24694	2	21	4800178	4936084	135906	19	12.86	13.48	0.62
trub	Contig_29539	Contig_9029	3	21	11899573	12284476	384903	19	14.75	15.58	0.83
trub	Dla71	Contig_40155	7	21	6669320	9148968	2479648	19	27.26	65.63	38.37
trub	Contig_100319	Contig_9869	3	21	12946090	14782089	1835999	19	69.09	74.62	5.53
trub	Soc887	Soc929	2	21	1111941	676513	435428	19	81.34	82.67	1.33
trub	Soc1017	Contig_83533	2	11	7751476	6562176	1189300	5	7.84	8.60	0.76
tnig	Contig_9451	Contig_1597	6	2	21326759	15128045	6198714	11	25.67	43.32	17.65
tnig	Contig_1918	Contig_26746	2	2	13489422	13811220	321798	11	47.37	51.25	3.88
tnig	Soc693	Contig_68171	2	2	11000809	12544261	1543452	11	70.95	73.50	2.55
tnig	Contig_27565	Soc687	8	9	999276	6520186	5770273	21	17.02	57.29	40.27
tnig	Contig_34845	Contig_31700	2	9	8098693	9747258	1648565	21	61.32	99.73	38.41
tnig	Soc826	Contig_59073	3	6	1277007	3361449	2084442	7	15.15	28.55	13.40
tnig	Contig_12913	Contig_30032	2	6	4663499	4545566	117933	7	44.04	48.91	4.87
tnig	Soc1099	Contig_6874	6	6	5582211	6998456	1416245	7	54.86	70.13	15.27
tnig	Contig_9499	Contig_38410	2	3	5442843	5597825	154982	2	39.94	39.94	0.00
tnig	Contig_4281	Contig_54081	3	3	999473	1105772	849000	2	61.91	77.93	16.02
tnig	Contig_38333	Contig_36718	2	14	7735351	7951859	216508	17	19.00	23.95	4.95
tnig	Soc770	Contig_17415	5	14	6171815	5089930	1081885	17	35.99	51.81	15.82
tnig	Dla89	Contig_24314	4	14	2048789	4789588	2740799	17	61.16	67.14	5.98
tnig	Soc921	Contig_34655	2	14	1848805	1897527	48722	17	72.80	79.45	6.65
tnig	Contig_6646	Contig_35102	2	4	8437099	8112961	324138	22	7.26	27.66	20.40
tnig	Contig_23642	Contig_3575	4	4	2593658	1716226	1005892	22	34.77	41.16	6.39
tnig	Contig_8793	Contig_897	2	4	4990115	4778400	211715	22	61.68	66.52	4.84
tnig	Contig_12764	Soc991	2	18	4714770	4109817	604953	1	0	13.04	13.04
tnig	Soc1063	Contig_35255	8	18	6688591	9503361	2923645	1	24.45	37.22	12.77
tnig	Contig_29953	Contig_30461	2	18	1282913	979181	303732	1	77.94	78.58	0.64
tnig	Contig_14829	Contig_48749	3	1	11401684	11783077	381393	18	2.74	4.52	1.78
tnig	Soc567	Contig_34833	2	1	21893674	22806358	912684	18	7.31	7.31	0.00
tnig	Contig_2075	Contig_35477	3	1	12557809	12154600	403209	18	8.57	11.88	3.31
tnig	Contig_52548	Contig_9756	3	1	11189799	11383141	266402	18	16.28	19.46	3.18
tnig	Contig_7879	Soc424	9	1	14555761	21551179	6995418	18	42.97	76.25	33.28
tnig	Contig_94624	Contig_16461	2	15	900529	915470	14941	13	2.87	9.53	6.66
tnig	Contig_19379	Contig_56840	3	15	1068806	1050133	18673	13	10.15	12.05	1.90
tnig	Soc1157	Soc1109	3	15	6270808	4428414	1842394	13	46.06	57.87	11.81
tnig	Contig_25425	Contig_3747	2	15	3914888	4285570	370682	13	63.09	63.71	0.62
tnig	Contig_73389	Soc1155	2	15	1932844	1817110	115734	13	78.82	79.65	0.83
tnig	Contig_28122	Contig_63124	4	10	4113818	4395634	439185	16	12.57	50.92	38.35
tnig	Dla60	Contig_106014	4	10	5877720	6430273	552808	16	55.87	59.06	3.19
tnig	Contig_20391	Contig_3074	4	10	8053396	10937374	2883978	16	70.29	82.03	11.74
tnig	Contig_66355	Contig_21305	2	10	11112863	11005867	106996	16	83.30	85.30	2.00
tnig	Contig_11233	Contig_8665	2	19	6625515	6909144	283629	23	3.44	10.46	7.02
tnig	Soc527	Contig_32828	2	19	6090335	6311885	221550	23	17.45	18.88	1.43
tnig	Contig_40908	Contig_15319	3	19	3825454	2921598	961473	23	43.27	45.32	2.05
tnig	Contig_23290	Contig_28455	5	19	2180723	639132	1592417	23	46.75	71.41	24.66
tnig	Contig_5599	Contig_33248	2	8	2878763	3602312	723549	6	11.97	17.00	5.03
tnig	Contig_6637	Contig_1062	2	8	4362576	4768999	406423	6	20.47	22.05	1.58
tnig	Contig_93038	Contig_16536	4	8	6150442	7528705	1378263	6	24.56	32.61	8.05
tnig	Contig_12169	Soc568	2	8	8945241	8552274	392967	6	35.82	40.62	4.80
tnig	Contig_28213	Contig_27414	2	8	9384432	9706103	321671	6	48.55	50.21	1.66
tnig	Contig_10306	Contig_20030	2	20	726693	906848	180155	3	46.10	47.35	1.25
tnig	Contig_2506	Contig_11906	2	17	8694791	9228949	534158	9	16.94	16.94	0.00
tnig	Dla69	Dla91	3	17	10770905	11283446	512541	9	18.81	23.02	4.21
tnig	Contig_70442	Contig_2674	2	17	7640379	7173157	467222	9	30.82	31.31	0.49
tnig	Soc562	Contig_17543	2	17	6132028	6526053	394025	9	37.64	38.63	0.99
tnig	Contig_31412	Contig_30988	5	17	5504364	3438374	2065990	9	42.32	50.16	7.84
tnig	Contig_27989	Soc1151	2	17	2079792	2518099	438307	9	55.53	56.15	0.62
tnig	Contig_9460	Contig_33841	2	5	10970583	12916554	1945971	12	26.23	26.61	0.38
tnig	Soc1048	Contig_11657	4	5	9829142	9481803	351437	12	39.15	48.29	9.14
tnig	Soc429	Contig_4454	11	5	1126844	5177361	4050517	12	59.02	77.15	18.13
tnig	Contig_7484	Contig_28605	2	5	6529358	7421738	892380	12	98.24	99.34	1.10
tnig	Contig_61930	Dla79	3	2	1510984	983987	526997	15	9.52	21.07	11.55
tnig	Contig_14976	Contig_20195	2	2	277923	396974	119051	15	23.27	28.26	4.99
tnig	Contig_7509	Contig_77944	8	2	6529260	3913638	3760360	15	49.01	77.85	28.84
tnig	Soc849	Soc1108	2	21	3151978	3401175	249197	14	48.24	48.24	0.00
tnig	Contig_14799	Soc850	2	21	2959630	3151917	192287	14	49.65	49.65	0.00
tnig	Contig_42240	Soc645	3	21	790285	1902255	1111970	14	54.01	66.86	12.85
tnig	Contig_34611	Contig_17896	2	7	3112973	3743409	630436	20	0.31	0.31	0.00
tnig	Contig_19215	Contig_30294	3	7	4570276	4522089	111459	20	7.15	12.51	5.36
tnig	Contig_43170	Soc1071	3	7	8777088	8975745	250949	20	24.15	28.49	4.34
tnig	Contig_8178	Soc559	2	7	10318204	10580208	262004	20	44.26	43.63	0.63
tnig	Contig_33583	Contig_5080	2	7	6437820	7737967	1300147	20	49.79	55.36	5.57
tnig	Contig_8141	Contig_23708	2	7	584082	1329839	745757	20	69.63	73.78	4.15
tnig	Contig_2626	Contig_17726	3	1	9296194	8634226	661968	8	21.42	28.14	6.72
tnig	Contig_9476	Soc620	4	1	100805	3535945	3435140	8	36.64	54.98	18.34
tnig	Contig_11615	Contig_39212	3	1	3959931	3803029	262420	8	57.58	60.89	3.31
tnig	Contig_38144	Contig_105085	3	3	13667643	13532440	273552	4	26.32	27.11	0.79
tnig	Contig_21471	Soc804	2	3	10906714	11978484	1071770	4	33.54	33.76	0.22
tnig	Contig_32285	Soc891	3	3	10085239	8653233	1432006	4	41.78	57.58	15.80
tnig	Contig_6514	Contig_36113	3	3	14854377	14616063	295639	4	87.95	90.68	2.73
tnig	Contig_5090	Contig_33822	3	13	9863813	10857409	993596	24	24.95	29.10	4.15
tnig	Contig_9872	Contig_16836	2	13	7838278	7726400	111878	24	37.37	41.28	3.91
tnig	Contig_2752	Contig_22317	3	13	4764436	6683389	1918953	24	51.33	67.22	15.89
tnig	Contig_1141	Contig_3881	2	13	13290708	13168992	121716	24	73.65	75.06	1.41
tnig	Contig_4294	Contig_36711	2	11	9198272	8336037	862235	10	27.52	35.00	7.48
tnig	Contig_45139	Contig_29474	2	11	3871191	3415431	455760	10	41.04	41.82	0.78
tnig	Contig_75800	Soc1087	4	11	5820566	7793364	1972798	10	46.70	71.41	24.71
tnig	Contig_24694	Contig_104612	2	12	11182331	10642624	539707	19	13.48	14.75	1.27
tnig	Contig_29539	Contig_9029	2	12	4005940	3678890	327050	19	14.75	15.58	0.83
tnig	Contig_75005	Contig_41232	3	12	8856173	8855715	94637	19	27.26	29.17	1.91
tnig	Contig_18995	Contig_40155	2	12	8400213	6744283	1655930	19	39.55	65.63	26.08
tnig	Contig_100319	Soc965	4	12	3046044	932831	2113213	19	69.09	74.62	5.53
tnig	Contig_26057	Contig_83533	2	16	3104859	3526646	421787	5	8.46	8.60	0.14
tnig	Contig_44858	Contig_42933	2	16	8194881	6553694	1641187	5	63.84	74.60	10.76
onil	Soc548	Contig_16607	2	16	8334563	8154407	180156	11	10.54	11.19	0.65
onil	Contig_29090	Soc1128	3	16	23166063	22874938	291125	11	22.82	26.29	3.47
onil	Contig_20298	Contig_10628	3	16	31402320	28645095	2764924	11	26.95	31.75	4.80
onil	Contig_38218	Contig_129	4	16	20640099	19293219	1605941	11	36.35	39.91	3.56
onil	Contig_1918	Contig_26746	2	16	15664687	16222456	557769	11	47.37	51.25	3.88
onil	Contig_1974	Soc565	2	16	13584000	10467383	3116617	11	61.03	68.42	7.39
onil	Contig_2467	Soc648	2	16	1148311	1392973	244662	11	72.88	73.50	0.62
onil	Soc543	Contig_7495	5	20	18382789	21180091	2797302	21	3.69	12.45	8.76
onil	Contig_27565	Contig_19384	7	20	30326730	23161008	7165722	21	17.02	50.31	33.29
onil	Contig_10209	Contig_10874	6	20	12623401	7217883	5921633	21	55.27	67.26	11.99
onil	Contig_13434	Contig_41732	2	20	5894444	5749528	144916	21	68.53	69.79	1.26
onil	Contig_49244	Contig_775	2	9	2572957	41791	2531166	7	0	6.48	6.48
onil	Contig_7139	Contig_20392	12	9	2906930	10524411	7781353	7	6.48	35.99	29.51
onil	Contig_12913	Contig_18930	3	9	12550295	12535384	224967	7	44.04	48.91	4.87
onil	Soc1099	Soc1098	2	9	14553793	14553793	0	7	54.86	56.46	1.60
onil	Contig_32905	Contig_39806	3	9	15669952	14738651	931301	7	56.46	58.93	2.47
onil	Contig_47513	Contig_6874	2	9	17918375	18845006	926631	7	69.15	70.13	0.98
onil	Soc819	Contig_70432	2	23	2732626	2016029	716597	2	78.65	79.88	1.23
onil	Contig_36009	Contig_87726	4	15	11749790	9609673	2140117	17	4.07	5.56	1.49
onil	Contig_151	Contig_38333	2	15	24707679	22687345	2020334	17	8.78	19.00	10.22
onil	Lcr08	Contig_57040	5	15	21296829	18929093	2367736	17	23.97	40.76	16.79
onil	Soc880	Contig_911	6	15	18874457	14123935	4750522	17	42.17	60.01	17.84
onil	Contig_2014	Soc1072	3	15	2409640	2552690	170088	17	65.74	65.74	0.00
onil	Contig_24314	Contig_51690	2	15	1885191	1421403	463788	17	67.14	68.83	1.69
onil	Contig_73579	Contig_2547	2	15	5734841	6077472	342631	17	81.33	81.95	0.62
onil	Contig_39896	Contig_3199	2	15	7266796	6402157	864639	17	81.95	83.22	1.27
onil	Contig_6646	Contig_305	3	7	27919856	31701603	3829061	22	7.26	8.45	1.19
onil	Soc616	Soc657	6	7	26094680	20082366	6776230	22	34.77	44.71	9.94
onil	Contig_1924	Contig_897	3	7	10239716	11848700	1608984	22	56.10	66.52	10.42
onil	Lcr12	Contig_44164	2	7	12267243	12815123	547880	22	74.87	76.17	1.30
onil	Soc991	Soc1146	2	6	16739567	18539018	1799451	1	13.04	18.44	5.40
onil	Contig_4432	Contig_34398	2	6	16320355	16379787	59432	1	21.04	20.33	0.71
onil	Contig_10045	Soc955	4	6	14597493	12905929	2299292	1	23.19	27.90	5.41
onil	Contig_15357	Contig_13052	2	6	9720852	8976201	744651	1	29.65	32.35	2.70
onil	Soc1054	Soc745	4	6	11455387	11023479	599287	1	35.75	43.93	8.18
onil	Contig_9657	Contig_65238	2	6	7331332	4060316	3271016	1	46.07	52.85	6.78
onil	Dla97	Contig_48437	2	6	24856540	23328758	1527782	1	58.02	60.09	2.07
onil	Contig_33862	Contig_98024	10	6	30649432	34117608	3687982	1	75.03	83.20	8.17
onil	Contig_34015	Contig_39819	2	6	30074363	29705517	368846	1	83.11	93.91	10.80
onil	Contig_14829	Contig_48749	3	23	11974489	12639259	664770	18	2.74	4.52	1.78
onil	Contig_2075	Contig_35477	4	23	13878874	13253672	625202	18	8.57	11.88	3.31
onil	Contig_52548	Contig_9756	3	23	11587045	11943976	477983	18	16.28	19.46	3.18
onil	Contig_46859	Contig_38502	2	23	15418945	15086142	332803	18	35.58	36.80	1.22
onil	Contig_615	Contig_25308	3	23	18475081	20158001	1682920	18	43.36	58.04	14.68
onil	Contig_26837	Contig_9341	3	17	31262266	31233100	34354	18	66.99	66.99	0.00
onil	Contig_5448	Soc581	2	17	4898527	190573	4707954	18	73.65	75.54	1.89
onil	Soc821	Soc1127	2	23	7139023	7248305	109282	18	82.57	82.57	0.00
onil	Contig_17046	Soc713	2	18	21811734	23545480	1733746	13	12.67	12.05	0.62
onil	Contig_104646	Contig_8622	5	18	13897148	13461583	2651893	13	30.78	32.63	1.85
onil	Contig_72112	Contig_18204	10	18	10943497	7093312	4203835	13	36.67	57.87	21.20
onil	Contig_63257	Contig_53258	2	18	5416038	5960827	544789	13	63.71	67.14	3.43
onil	Contig_33200	Contig_53377	2	18	918558	2124827	1206269	13	80.27	79.83	0.44
onil	Soc1155	Contig_66678	4	18	2769743	4399465	1629722	13	79.65	79.83	0.18
onil	Contig_16651	Dla84	2	19	15403084	17197337	1794253	16	28.06	32.67	4.61
onil	Contig_26622	Contig_27803	2	19	12016512	12709645	693133	16	33.32	33.95	0.63
onil	Contig_18654	Contig_14065	2	19	19827288	20089029	261741	16	40.42	48.99	8.57
onil	Contig_47606	Contig_167	7	19	628343	3208208	2579865	16	53.06	59.06	6.00
onil	Contig_19539	Contig_6059	6	19	5115183	6808526	1980731	16	62.47	76.16	13.69
onil	Contig_7218	Contig_21305	4	19	8680872	7761657	919215	16	76.16	85.30	9.14
onil	Contig_30701	Soc550	2	19	10849469	10136796	712673	16	86.01	88.04	2.03
onil	Soc609	Soc994	3	19	21454641	20964766	489875	16	91.19	92.58	1.39
onil	Contig_8665	Contig_40403	3	17	4637314	6254798	1617484	23	10.46	10.46	0.00
onil	Soc527	Contig_32828	3	17	29028450	29466368	697463	23	17.45	18.88	1.43
onil	Soc628	Soc506	2	17	28596247	28184959	411288	23	19.60	21.57	1.97
onil	Contig_18481	Soc855	3	17	25080600	25918319	837719	23	27.76	30.08	2.32
onil	Soc971	Contig_8901	4	17	21953875	21520544	433331	23	43.27	44.86	2.05
onil	Soc1117	Contig_25345	2	17	21326056	20327924	998132	23	49.51	51.58	2.07
onil	Contig_4568	Contig_72330	5	17	18648235	13371897	5276338	23	58.24	72.67	14.43
onil	Contig_36533	Soc583	2	11	3785496	2378804	1406692	6	0.62	2.34	1.72
onil	Contig_15946	Contig_5599	3	11	15072681	14494191	683425	6	8.54	11.97	3.43
onil	Contig_90362	Contig_28405	2	11	8086234	8882427	796193	6	16.68	16.68	0.00
onil	Contig_74321	Contig_1062	3	11	10721575	11003005	814476	6	18.98	22.05	3.07
onil	Contig_29679	Contig_12049	2	11	243554	156871	86683	6	24.57	26.24	1.67
onil	Dla10	Soc412	4	11	6432763	5667990	882803	6	28.48	31.18	2.70
onil	Contig_16536	Soc1115	3	11	17518249	16570021	1550847	6	32.61	35.97	3.36
onil	Contig_27414	Contig_61880	2	11	20358662	21111367	752705	6	50.21	50.59	0.38
onil	Contig_76926	Contig_9054	4	11	21602886	23188748	1585862	6	52.63	60.88	8.25
onil	Dla41	Contig_4235	2	11	25662922	24004962	1657960	6	68.91	71.77	2.86
onil	Contig_32096	Contig_34093	2	11	27626871	26672075	954796	6	71.77	80.05	8.28
onil	Soc570	Soc617	2	11	29562332	28292696	1269636	6	82.00	82.63	0.63
onil	Contig_30753	Contig_16052	3	3	13036342	12085775	950567	3	41.35	44.77	3.42
onil	Contig_27075	Contig_20030	2	3	11040686	11645290	604604	3	46.10	47.35	1.25
onil	Contig_15427	Contig_3783	5	3	8728015	5182471	3545544	3	54.57	70.42	15.85
onil	Contig_15130	Contig_20641	2	3	4063334	4900520	837186	3	73.55	75.89	2.34
onil	Soc1059	Contig_7672	3	3	8808152	10430608	1622456	3	75.89	75.89	0.00
onil	Dla87	Contig_59013	3	3	2495690	3796855	1616625	3	79.30	80.35	1.05
onil	Contig_5783	Contig_7080	2	3	656565	207380	449185	3	88.78	92.21	3.43
onil	Contig_23536	Contig_2506	2	13	874209	3913891	3039682	9	12.41	16.94	4.53
onil	Dla69	Contig_2674	4	13	26910815	22845207	4065608	9	18.81	31.31	12.50
onil	Soc562	Contig_17543	4	13	20837687	21423843	623196	9	37.64	38.63	1.82
onil	Contig_31412	Contig_26225	5	13	19747542	16499743	3305117	9	42.32	47.09	4.77
onil	Contig_57994	Soc995	3	13	15051126	15852963	801837	9	50.16	50.16	0.00
onil	Contig_32689	Contig_66941	3	13	9393209	11037913	1644704	9	65.42	65.42	0.00
onil	Contig_5913	Contig_5374	2	13	10676725	11168859	492134	9	66.99	66.99	0.00
onil	Soc711	Contig_24458	2	13	8663704	9668333	1004629	9	78.60	80.87	2.27
onil	Contig_33841	Contig_4308	2	5	6460276	5065683	1394593	12	26.61	28.79	2.18
onil	Contig_542	Soc943	7	1	3618117	5868787	2250670	12	38.29	48.29	10.00
onil	Contig_88777	Soc718	7	1	25334544	19268634	6065910	12	49.71	62.25	12.54
onil	Soc1041	Contig_102220	4	1	17235459	16736145	1045553	12	68.13	69.78	1.65
onil	Soc1082	Contig_25827	4	1	15948804	15746722	1213662	12	74.64	75.91	1.88
onil	Contig_8602	Contig_21092	2	1	27176796	27137653	39143	12	91.89	93.16	1.27
onil	Contig_7484	Contig_28605	2	1	10784067	9156036	1628031	12	98.24	99.34	1.10
onil	Contig_80248	Contig_19458	2	8	15279601	16014189	734588	15	1.98	3.53	1.55
onil	Contig_39635	Contig_26858	3	8	26868505	25996796	871709	15	7.32	9.84	2.52
onil	Contig_9025	Dla79	5	8	27155089	27835279	680190	15	19.44	21.07	1.63
onil	Contig_105401	Contig_20195	2	8	28885113	29000771	115658	15	28.26	28.26	0.00
onil	Contig_48441	Contig_26324	2	8	14370860	14929739	558879	15	31.30	32.05	0.75
onil	Contig_4024	Dla59	5	8	16232259	18737048	2504789	15	33.30	33.41	0.11
onil	Contig_36223	Contig_26681	2	8	11655802	11637143	18659	15	49.01	52.16	3.15
onil	Soc601	Contig_8081	3	8	10383169	10168315	415593	15	53.65	54.31	0.66
onil	Contig_41386	Contig_77944	5	8	9146631	4134529	5284699	15	58.52	77.85	19.33
onil	Contig_9040	Contig_16402	2	22	15915427	16943530	1028103	14	38.68	41.77	3.09
onil	Contig_9201	Contig_68440	3	22	21901088	23616590	1715502	14	48.24	48.24	0.00
onil	Soc850	Contig_14799	2	22	21147382	21429754	282372	14	49.65	49.65	0.00
onil	Contig_42240	Soc645	5	22	14734790	12771658	1963132	14	54.01	66.86	12.85
onil	Contig_34907	Contig_27026	2	22	9601187	8607829	993358	14	72.74	73.56	0.82
onil	Contig_51792	Contig_5976	2	22	12289371	11318257	971114	14	73.56	76.77	3.21
onil	Soc1133	Soc1134	2	22	3063833	3063833	0	14	78.91	81.60	2.69
onil	Contig_17896	Soc622	2	10	12353902	12600315	246413	20	0.31	3.44	3.13
onil	Contig_19215	Contig_62771	4	10	10750644	11142447	391803	20	7.15	12.50	5.36
onil	Contig_10006	Contig_26653	2	10	13486961	14748015	1261054	20	30.74	33.39	2.65
onil	Contig_8178	Contig_64508	2	17	9649578	8878433	771145	20	44.26	45.53	1.27
onil	Contig_47600	Soc613	3	10	5841156	7348366	1507210	20	52.97	56.14	3.17
onil	Contig_8952	Contig_23708	5	10	2617177	1284010	2327519	20	69.63	73.78	4.15
onil	Contig_22492	Contig_9483	2	2	5212245	6270152	1057907	8	4.15	4.15	0.00
onil	Contig_71286	Soc1142	3	5	32710287	33090052	618491	8	4.03	7.29	3.26
onil	Contig_5422	Contig_27774	2	2	6614317	6840638	226321	8	8.55	8.55	0.00
onil	Contig_2626	Contig_39212	17	2	12751312	24578115	12045442	8	21.42	60.89	39.47
onil	Contig_44525	Contig_25514	2	2	294520	48398	246122	8	73.87	75.86	1.99
onil	Contig_67859	Contig_4766	3	2	8901473	9028520	127047	8	81.47	82.86	1.55
onil	Contig_38929	Contig_5544	4	2	1269183	2206153	936970	8	84.02	87.75	3.73
onil	Soc576	Contig_35183	3	2	3182367	3510157	327790	8	87.75	89.00	1.25
onil	Contig_22073	Soc551	2	4	10576765	9772750	804015	4	6.64	8.07	1.43
onil	Contig_15353	Contig_1130	4	4	13294439	13783705	753157	4	11.56	18.36	6.80
onil	Contig_7066	Contig_105085	4	4	22103612	20724410	1651529	4	22.22	27.11	4.89
onil	Contig_11497	Soc804	2	4	17074519	17488478	413959	4	30.59	33.76	3.17
onil	Contig_15666	Soc1152	2	4	4897575	4448132	449443	4	63.35	66.48	3.13
onil	Contig_13958	Contig_64871	2	4	8128599	7832967	295632	4	67.46	74.39	6.93
onil	Contig_772	Contig_931	2	4	24683012	24673184	9828	4	87.32	87.32	0.00
onil	Contig_6514	Soc553	2	4	24942918	25089033	146115	4	87.95	87.95	0.00
onil	Contig_49135	Soc1011	2	4	25768571	26758050	989479	4	90.68	90.68	0.00
onil	Soc1143	Contig_10089	2	7	6903148	5764952	1138196	24	2.90	5.50	2.60
onil	Soc541	Contig_1926	2	7	3826267	3003043	823224	24	8.69	9.78	1.09
onil	Contig_5090	Contig_33822	4	13	30577026	28673295	2160625	24	24.95	29.10	4.77
onil	Contig_49010	Contig_16010	2	7	39086411	39144703	58292	24	34.96	34.96	0.00
onil	Dla85	Soc1092	3	7	41298715	41846172	547457	24	46.83	48.76	1.93
onil	Contig_86884	Contig_22317	3	7	42993998	46325496	3331498	24	61.28	67.22	5.94
onil	Contig_1141	Contig_3881	2	7	3375174	3597649	222475	24	73.65	75.06	1.41
onil	Contig_19656	Contig_23868	2	5	10493100	11026458	533358	10	7.77	7.77	0.00
onil	Contig_22159	Contig_25685	5	5	10970893	14271880	3300987	10	14.77	24.20	9.43
onil	Contig_27201	Contig_4294	2	5	14759413	14981604	222191	10	25.65	27.52	1.87
onil	Contig_36711	Contig_45139	3	5	28210094	31756297	3546203	10	35.00	41.04	6.04
onil	Contig_75800	Contig_16927	2	5	25797828	25979475	181647	10	46.70	49.72	3.02
onil	Contig_31364	Soc1020	2	5	22363992	23013571	649579	10	73.90	76.99	3.09
onil	Contig_24248	Contig_104612	5	12	753012	7213218	6460206	19	8.26	14.75	6.49
onil	Contig_29539	Contig_10399	5	12	32635494	29216853	3418641	19	14.75	19.46	4.71
onil	Contig_75005	Soc1025	4	12	21047928	23625416	2577986	19	27.26	32.01	4.75
onil	Contig_87980	Soc1051	2	12	25448460	23755489	1692971	19	32.01	32.32	0.31
onil	Contig_18995	Contig_10741	2	12	20095558	19905265	190293	19	39.55	43.57	4.02
onil	Soc439	Soc569	2	12	18732288	18058569	673719	19	53.11	61.71	8.60
onil	Soc758	Soc1081	4	12	13166669	13065576	872390	19	71.79	73.21	1.42
onil	Soc965	Contig_9869	3	12	11863662	12197952	334290	19	74.62	74.62	0.00
onil	Contig_27134	Contig_11334	2	12	10574226	9407639	1166587	19	77.30	78.51	1.21
onil	Contig_91727	Contig_33889	2	12	10910807	11351566	440759	19	78.51	79.91	1.40
onil	Soc532	Soc929	3	12	9137562	9403808	511805	19	82.04	82.67	1.33
onil	Contig_49881	Contig_3899	3	14	24741128	22625673	2507428	5	7.48	8.60	1.12
onil	Contig_41916	Contig_51758	2	14	14457069	12989719	1467350	5	13.74	20.94	7.20
onil	Soc646	Contig_14220	5	14	8839347	11729604	2890257	5	28.19	42.60	14.41
onil	Soc739	Contig_33314	2	14	4067853	3805612	262241	5	49.85	51.08	1.23
onil	Contig_6596	Contig_44858	2	14	2833078	2181795	651283	5	61.91	63.84	1.93
onil	Contig_47903	Soc156	2	14	28705875	29672448	966573	5	66.73	66.73	0.00
onil	Contig_2440	Contig_42933	2	14	32143282	32475228	331946	5	72.71	74.60	1.89
dlab	Soc652	Soc688	2	15	22079427	21746411	333016	11	1.70	2.95	1.25
dlab	Contig_4979	Contig_8095	2	15	20223331	20488018	264687	11	5.18	7.88	2.70
dlab	Soc548	Contig_10552	3	15	19661687	19327578	334109	11	10.54	15.89	5.35
dlab	Contig_29090	Contig_8571	2	15	1224565	1535287	310722	11	22.82	25.05	2.23
dlab	Contig_9451	Contig_3268	3	15	1074169	1097478	103455	11	25.67	26.29	0.62
dlab	Contig_20298	Contig_16479	2	15	5080694	5072672	8022	11	26.95	26.95	0.00
dlab	Contig_10628	Contig_22497	2	15	7255639	6986848	268791	11	31.75	33.40	1.65
dlab	Contig_79849	Soc1141	4	15	7898925	8639139	1015523	11	35.22	37.37	2.15
dlab	Contig_15850	Soc1090	3	15	9411359	9844884	821986	11	38.64	41.03	2.39
dlab	Contig_97595	Contig_13624	2	15	11766792	11365550	401242	11	43.32	46.71	3.39
dlab	Contig_18818	Contig_26746	2	15	12385100	12927565	542465	11	51.20	51.25	0.05
dlab	Contig_2467	Soc648	2	15	584993	435414	149579	11	72.88	73.50	0.62
dlab	Contig_68171	Contig_76983	2	15	14851122	15424267	573145	11	73.50	73.50	0.00
dlab	Contig_3312	Soc1073	4	22-25	22256826	23768119	1598290	21	4.31	3.69	0.78
dlab	Soc1075	Lcr04	3	22-25	18417588	19216055	798467	21	12.45	12.45	0.00
dlab	Soc1052	Contig_39603	3	22-25	16982090	15057388	1924702	21	19.80	24.70	4.90
dlab	Contig_8360	Soc832	3	22-25	14318806	12671465	1647341	21	30.77	44.35	13.58
dlab	Contig_41568	Contig_50528	5	22-25	7015385	8005958	1418770	21	50.90	59.39	8.49
dlab	Contig_45511	Contig_34845	2	22-25	5592083	5807233	215150	21	61.32	61.32	0.00
dlab	Contig_2519	Contig_87338	3	22-25	2891325	3363940	541948	21	67.26	67.26	0.00
dlab	Contig_13434	Contig_41732	2	22-25	2324919	2195379	129540	21	68.53	69.79	1.26
dlab	Contig_48161	Contig_57751	2	22-25	2236135	2897538	661403	21	78.11	78.11	0.00
dlab	Contig_4648	Contig_68186	4	22-25	961902	788888	192776	21	78.50	81.59	3.09
dlab	Contig_71936	Contig_15075	2	22-25	1374188	1688755	314567	21	81.38	84.98	3.60
dlab	Contig_49244	Contig_34000	4	18-21	616589	1985694	1369105	7	0	7.14	7.14
dlab	Dla43	Contig_14464	2	18-21	3233806	4000584	766778	7	7.22	6.84	0.38
dlab	Soc826	Contig_62783	2	18-21	4745781	4451011	294770	7	15.15	18.00	2.85
dlab	Soc786	Contig_20392	8	18-21	4914606	8207455	3449638	7	18.00	35.99	17.99
dlab	Contig_24723	Contig_30176	2	18-21	8821625	9121782	300157	7	40.30	41.43	1.13
dlab	Contig_12913	Contig_18930	4	18-21	9907618	9893703	563782	7	44.04	48.91	4.87
dlab	Soc1099	Soc1098	2	18-21	11538301	11538301	0	7	54.86	56.46	1.60
dlab	Contig_32905	Soc678	3	18-21	12253881	12306652	73925	7	56.46	58.61	2.15
dlab	Contig_39806	Contig_31276	2	18-21	11656197	11946816	290619	7	58.93	60.20	1.27
dlab	Contig_3269	Contig_22414	2	18-21	15698987	15650736	48251	7	68.80	68.80	0.00
dlab	Contig_17615	Contig_20660	2	24	6085466	5672215	413251	2	10.74	21.27	10.53
dlab	Contig_52215	Contig_38410	9	24	6072322	9852208	3779886	2	28.59	39.94	11.35
dlab	Contig_13020	Contig_80464	2	24	1459199	726203	732996	2	44.57	47.13	2.56
dlab	Contig_46769	Contig_22266	2	24	2986616	3482828	496212	2	59.53	59.53	0.00
dlab	Contig_37291	Contig_27597	4	24	3861635	3602922	342074	2	71.60	73.49	1.89
dlab	Contig_10198	Contig_98312	3	17	1067900	905774	162126	17	4.07	5.40	1.33
dlab	Contig_2997	Soc933	3	17	1877232	2803457	926225	17	5.40	5.40	0.63
dlab	Contig_151	Contig_59286	3	17	4935473	4306173	1039521	17	8.78	10.22	1.44
dlab	Contig_6334	Soc681	6	17	5306012	7407935	2101923	17	12.45	21.71	9.26
dlab	Lcr08	Contig_77726	2	17	7912682	7728121	184561	17	23.97	31.88	7.91
dlab	Soc770	Contig_36756	3	17	9564680	9481766	316782	17	35.99	39.13	3.14
dlab	Contig_57040	Contig_10214	4	17	9661418	10008466	347048	17	40.76	45.28	4.52
dlab	Contig_56723	Soc810	2	17	10737716	11476513	738797	17	46.43	48.64	2.21
dlab	Contig_3031	Soc1124	3	17	17663204	17746923	155541	17	51.81	54.38	2.57
dlab	Contig_3903	Contig_911	3	17	15854470	16520860	666390	17	59.23	60.01	1.42
dlab	Dla89	Contig_13196	4	17	11975232	12332678	662063	17	61.16	65.74	4.58
dlab	Soc1072	Contig_6925	2	17	13340674	13493498	152824	17	65.74	65.74	0.00
dlab	Contig_24314	Contig_51690	2	17	13961482	14330370	368888	17	67.14	68.83	1.69
dlab	Contig_41724	Contig_73579	3	17	20153476	18370216	1783260	17	76.02	81.33	5.31
dlab	Contig_6646	Contig_3822	3	19	19695330	19903684	237751	22	7.26	8.00	0.74
dlab	Contig_42946	Contig_1886	3	19	21280253	22003565	1211934	22	9.70	11.38	1.68
dlab	Contig_6405	Contig_35102	2	19	12972483	12497066	475417	22	23.59	27.66	4.07
dlab	Soc616	Soc657	7	19	13205023	15373582	2168559	22	34.77	44.71	9.94
dlab	Contig_61269	Contig_72963	3	19	7402664	8852575	1449911	22	48.41	49.59	1.18
dlab	Contig_81717	Contig_72221	2	19	8961680	9068736	107056	22	56.10	58.42	2.32
dlab	Contig_24449	Contig_18195	3	19	6925944	6372019	592542	22	61.68	63.74	2.06
dlab	Contig_37162	Soc656	2	19	4832239	4277444	554795	22	68.46	73.57	5.11
dlab	Lcr12	Contig_44164	2	19	6904840	7371145	466305	22	74.87	76.17	1.30
dlab	Contig_12764	Soc653	3	7	15405892	14468060	937832	1	0	4.50	4.50
dlab	Contig_7095	Contig_10411	13	7	15592542	22835875	7243333	1	4.19	29.96	25.77
dlab	Contig_56045	Soc1136	6	7	22885155	24853127	1967972	1	31.09	35.75	4.66
dlab	Contig_24605	Contig_7525	5	7	25584714	27232098	1918224	1	35.75	46.07	10.32
dlab	Dla97	Contig_48437	3	7	10780104	12009564	1229460	1	58.02	60.09	2.07
dlab	Contig_40846	Contig_12766	2	7	10438477	10057581	380896	1	63.30	65.55	2.25
dlab	Soc1125	Contig_17275	4	7	5249390	6004398	755008	1	77.31	77.31	0.66
dlab	Contig_29953	Contig_24603	3	7	5013591	4497519	516072	1	77.94	79.84	1.90
dlab	Contig_34015	Contig_39819	2	7	7211476	7481234	269758	1	83.11	93.91	10.80
dlab	Contig_14829	Contig_46578	3	4	21577850	21286128	525968	18	2.74	4.52	1.78
dlab	Contig_106699	Soc703	3	4	356505	848839	492334	18	5.76	6.38	0.62
dlab	Contig_7670	Contig_34833	2	4	2462779	2028272	434507	18	6.73	7.31	0.58
dlab	Soc567	Contig_3776	2	4	2415630	3763316	1347686	18	7.31	7.31	0.00
dlab	Contig_2075	Contig_35477	4	4	20020351	20548350	527999	18	8.57	11.88	3.31
dlab	Contig_78791	Soc667	6	4	21451052	23303068	1852016	18	15.81	28.28	12.47
dlab	Contig_46859	Contig_38502	2	4	18926577	19216948	290371	18	35.58	36.80	1.22
dlab	Soc661	Contig_29312	4	4	17353791	17174208	550013	18	41.46	42.85	1.90
dlab	Contig_58982	Contig_25308	3	4	12582370	13724465	1142095	18	58.04	58.04	0.62
dlab	Contig_81102	Soc431	5	4	10429283	11306433	927568	18	58.70	59.70	1.00
dlab	Contig_40076	Contig_84850	2	4	12777957	11656028	1121929	18	59.70	62.59	2.89
dlab	Contig_62904	Contig_38804	3	4	7843552	8586231	775096	18	66.99	69.31	2.32
dlab	Contig_24552	Contig_44761	3	4	7058333	6090767	967566	18	72.40	74.28	1.88
dlab	Soc581	Soc424	2	4	4023982	3865599	158383	18	75.54	76.25	0.71
dlab	Soc1127	Soc821	2	4	23471473	23570042	98569	18	82.57	82.57	0.00
dlab	Contig_81929	Contig_6831	2	4	27313564	26314022	999542	18	82.57	84.87	2.30
dlab	Contig_56923	Contig_94624	2	10	23618856	23121925	496931	13	0.76	2.87	2.11
dlab	Contig_16461	Contig_56840	4	10	23148798	22225345	1352827	13	9.53	12.05	2.52
dlab	Contig_48834	Contig_3250	4	10	19162746	19587793	594773	13	15.73	26.92	11.19
dlab	Contig_104646	Contig_63899	4	10	15174434	15202736	1227415	13	30.78	31.75	0.97
dlab	Contig_44101	Contig_1900	3	10	14291304	14887373	596069	13	32.63	32.63	0.00
dlab	Contig_72112	Soc1157	2	10	12598978	12717703	118725	13	36.67	46.06	9.39
dlab	Contig_10041	Soc1109	8	10	10923543	9525506	1518268	13	51.86	57.87	6.01
dlab	Contig_63257	Contig_53258	3	10	8112682	8514600	401918	13	63.71	67.14	4.05
dlab	Contig_15868	Soc507	2	10	6535062	6027423	507639	13	71.01	72.85	1.84
dlab	Contig_13682	Contig_88237	2	10	5888246	5949590	61344	13	77.14	77.14	0.00
dlab	Soc983	Soc1155	8	10	342595	4616361	4273766	13	80.27	79.65	0.62
dlab	Soc1104	Contig_43908	2	12	2455391	2623742	168351	16	12.57	12.57	0.00
dlab	Contig_16651	Contig_22079	2	12	6950822	6744483	206339	16	28.06	32.67	4.61
dlab	Soc888	Dla84	2	12	8554992	8569904	14912	16	32.67	32.67	0.00
dlab	Contig_26622	Contig_27803	2	12	4008399	4623621	615222	16	33.32	33.95	0.63
dlab	Contig_18654	Soc647	9	12	9132401	10868190	1966366	16	40.42	53.76	13.34
dlab	Dla60	Contig_12351	4	12	11342297	12350824	1008527	16	55.87	55.87	0.70
dlab	Contig_106014	Contig_167	2	12	12350517	12988629	638112	16	59.06	59.06	0.00
dlab	Soc1067	Contig_5420	3	12	14140497	15078676	938179	16	63.84	70.29	6.45
dlab	Contig_96382	Contig_66355	9	12	15153568	18080659	2927091	16	70.99	83.30	12.31
dlab	Contig_30701	Contig_12128	3	12	19582586	19908057	371822	16	86.01	87.42	1.41
dlab	Soc550	Soc941	2	12	20262158	20441674	179516	16	88.04	90.06	2.02
dlab	Soc609	Contig_34953	2	12	21571940	21492809	79131	16	91.19	91.96	0.77
dlab	Contig_29848	Soc994	2	12	21005748	21123737	117989	16	93.43	92.58	0.85
dlab	Contig_18025	Contig_99535	2	x	5702912	4990445	712467	23	4.06	6.72	2.66
dlab	Contig_51819	Soc1012	2	x	1473087	1692497	219410	23	6.62	10.46	3.84
dlab	Contig_5987	Contig_8665	5	x	2463512	4322595	1859083	23	9.52	10.46	0.94
dlab	Soc527	Contig_26817	2	x	6266522	6453152	186630	23	17.45	18.17	0.72
dlab	Soc521	Contig_8901	13	x	6594577	11217897	4623352	23	19.60	44.86	25.72
dlab	Soc1117	Contig_25345	2	x	11379797	12232231	852434	23	49.51	51.58	2.07
dlab	Contig_13755	Contig_4568	3	x	13700510	13573308	327215	23	53.70	58.24	5.40
dlab	Lcr01	Contig_10356	4	x	15527835	15952581	424746	23	60.30	69.53	9.23
dlab	Contig_28881	Contig_7814	3	x	16859330	17081755	267630	23	70.16	71.41	1.25
dlab	Contig_7740	Soc583	3	16	23563150	21937958	1625192	6	0	2.34	2.34
dlab	Contig_28405	Contig_90362	2	16	19728881	20446265	717384	6	16.68	16.68	0.00
dlab	Contig_33248	Contig_1875	3	16	16824702	16888573	347944	6	17.00	18.92	1.92
dlab	Contig_6637	Contig_1062	2	16	15590817	15033752	557065	6	20.47	22.05	1.58
dlab	Contig_16390	Contig_12049	4	16	14185490	13028660	1583544	6	22.05	26.24	4.19
dlab	Dla10	Contig_39564	8	16	11857685	9882310	2669316	6	28.48	42.13	13.65
dlab	Soc568	Contig_27414	4	16	8534714	7134471	1900964	6	40.62	50.21	9.97
dlab	Contig_76926	Contig_50499	2	16	6156418	5449635	706783	6	52.63	55.97	3.34
dlab	Soc704	Contig_7193	2	16	5142466	4815547	326919	6	56.53	58.57	2.04
dlab	Contig_70686	Contig_9054	2	16	4803994	4682361	121633	6	59.93	60.88	0.95
dlab	Dla41	Contig_64605	2	16	1643168	1650068	6900	6	68.91	70.12	1.21
dlab	Contig_3401	Contig_34093	2	16	704377	951145	246768	6	71.77	80.05	8.28
dlab	Contig_14304	Contig_9232	2	16	2871224	1692360	1178864	6	78.56	89.81	11.25
dlab	Contig_59130	Dla68	3	14	3182551	3151759	627520	3	12.13	30.15	18.02
dlab	Contig_29746	Contig_8886	2	14	363952	1153254	789302	3	33.11	35.08	1.97
dlab	Contig_16939	Contig_36884	3	3	12920821	12012478	908343	3	37.37	42.02	4.65
dlab	Contig_6456	Contig_16052	3	3	10912836	11280329	367493	3	45.47	44.77	0.70
dlab	Contig_27075	Contig_20030	3	3	10337401	10938451	601050	3	46.10	47.35	1.25
dlab	Dla66	Contig_5883	2	3	6874853	6964556	89703	3	61.64	64.82	3.18
dlab	Soc708	Contig_4628	4	3	5954575	5346602	607973	3	69.13	71.37	2.24
dlab	Soc1059	Contig_7672	4	3	8069779	9412295	1342516	3	75.89	75.89	0.00
dlab	Contig_29149	Contig_14823	3	3	3470082	3502420	173917	3	76.85	78.07	1.22
dlab	Dla87	Contig_59013	3	3	4283561	4574824	567573	3	79.30	80.35	1.05
dlab	Contig_23132	Contig_32642	2	3	2327857	2178719	149138	3	80.71	83.54	2.83
dlab	Contig_9212	Contig_9003	2	3	1603265	1382085	221180	3	84.20	84.77	0.57
dlab	Contig_21967	Contig_5783	2	3	86062	1159782	1073720	3	86.05	88.78	2.73
dlab	Contig_2042	Contig_5729	2	11	19227225	19721727	494502	9	7.55	7.94	0.39
dlab	Soc563	Contig_54092	2	11	18366191	17801035	565156	9	9.19	10.15	0.96
dlab	Contig_23536	Contig_106791	2	11	17875204	17109117	766087	9	12.41	13.77	1.36
dlab	Contig_2506	Contig_448	2	11	19996248	21388726	1392478	9	16.94	16.94	0.00
dlab	Dla69	Contig_2674	7	11	16693573	13065333	3628240	9	18.81	31.31	12.50
dlab	Soc562	Contig_162	2	11	11527622	11449967	77655	9	37.64	38.00	0.36
dlab	Contig_1370	Contig_17543	3	11	11494215	12075516	581301	9	39.46	38.63	0.83
dlab	Contig_31412	Contig_76354	4	11	10533100	8533931	2044680	9	42.32	45.68	3.36
dlab	Contig_26225	Contig_18915	2	11	7680216	7973604	293388	9	47.09	48.64	1.55
dlab	Contig_30988	Soc995	2	11	7074876	7089721	14845	9	50.16	50.16	0.00
dlab	Contig_30453	Contig_5999	3	11	4516473	5512485	996012	9	52.98	55.53	2.55
dlab	Contig_27183	Soc1151	2	11	6338007	5856167	481840	9	55.53	56.15	0.62
dlab	Contig_36020	Contig_5374	4	11	2068975	1919911	217633	9	64.72	66.99	2.27
dlab	Contig_5913	Contig_64606	2	11	2304636	2714473	409837	9	66.99	67.63	0.64
dlab	Contig_4567	Soc525	2	11	1721070	1009729	711341	9	70.30	73.39	3.09
dlab	Contig_77943	Contig_33841	5	5	24835892	27841882	3005990	12	27.00	26.61	0.39
dlab	Contig_32915	Contig_8845	2	5	25670434	26854590	1184156	12	28.79	28.79	0.00
dlab	Contig_542	Contig_23162	5	5	21591470	20642863	948607	12	38.29	45.74	7.45
dlab	Contig_35167	Contig_11657	3	5	20288474	20293060	619437	12	43.69	48.29	4.60
dlab	Contig_88777	Contig_9344	10	5	2487595	6468988	4404277	12	49.71	62.25	12.54
dlab	Soc718	Contig_4454	12	5	7883239	13108077	5224838	12	62.25	77.15	15.09
dlab	Contig_6398	Contig_20774	2	5	18107752	18366842	259090	12	89.87	90.58	0.71
dlab	Contig_38247	Contig_21092	3	5	581915	1408280	826365	12	92.54	93.16	1.27
dlab	Contig_7484	Contig_28605	2	5	15558627	17002409	1443782	12	98.24	99.34	1.10
dlab	Contig_80248	Contig_19458	2	1B	7853491	8522426	668935	15	1.98	3.53	1.55
dlab	Contig_42093	Soc560	2	1B	17105508	17485814	380306	15	8.59	9.52	0.93
dlab	Contig_61930	Contig_10826	3	1B	14901793	15316082	414289	15	9.52	10.58	1.06
dlab	Contig_5264	Dla79	6	1B	13957989	13726182	534126	15	19.54	21.07	1.63
dlab	Contig_12632	Contig_1788	4	1B	12630363	13244483	614120	15	29.00	29.62	1.36
dlab	Contig_48441	Contig_26324	2	1B	7183110	7549200	366090	15	31.30	32.05	0.75
dlab	Contig_4024	Contig_15103	4	1B	8723955	9950711	1226756	15	33.30	33.30	0.00
dlab	Contig_44709	Contig_1015	3	1B	11720680	12382877	662197	15	43.49	49.01	5.52
dlab	Contig_6281	Contig_9990	2	1B	5470371	5204916	265455	15	50.91	52.26	1.35
dlab	Contig_26681	Contig_57321	2	1B	5850061	5599721	250340	15	52.16	53.96	1.80
dlab	Dla28	Contig_8081	2	1B	4339298	4519669	180371	15	54.31	54.31	0.00
dlab	Contig_27778	Contig_41386	2	1B	3213915	3258611	44696	15	56.83	58.52	1.69
dlab	Contig_13828	Contig_4075	3	1B	1281093	1644200	404042	15	67.99	69.18	1.19
dlab	Contig_59464	Contig_9662	3	1B	1530118	232874	1297244	15	71.01	73.27	2.26
dlab	Contig_60654	Soc598	4	9	1419055	1161979	308522	14	6.21	8.14	2.52
dlab	Dla16	Soc1076	5	9	21678297	22046191	367894	14	10.74	10.03	0.71
dlab	Soc1060	Contig_24826	2	9	766789	836610	69821	14	17.49	17.49	0.00
dlab	Contig_9040	Contig_16402	2	9	4608699	5370079	761380	14	38.68	41.77	3.09
dlab	Contig_12599	Contig_10322	3	9	8155516	8593185	437669	14	44.44	48.24	3.80
dlab	Soc1108	Contig_9201	2	9	9713399	9898125	184726	14	48.24	48.24	0.00
dlab	Soc849	Soc645	11	9	10507785	13625809	3404871	14	48.24	66.86	18.62
dlab	Contig_34907	Contig_27026	2	9	16255454	17088693	833239	14	72.74	73.56	0.82
dlab	Soc1038	Soc1134	2	9	19122767	18586087	536680	14	77.13	81.60	4.47
dlab	Contig_49160	Contig_50092	3	14	17017484	18158797	1141313	20	1.14	0.62	0.52
dlab	Contig_14166	Contig_73216	2	14	17307525	18242262	934737	20	2.01	2.01	0.00
dlab	Contig_19215	Contig_62771	4	14	14761890	15074283	312393	20	7.15	12.50	5.36
dlab	Contig_393	Contig_68053	4	14	20110286	19583374	933290	20	12.50	13.76	1.26
dlab	Contig_43170	Contig_16876	3	14	21956627	22262170	305543	20	24.15	25.89	1.74
dlab	Contig_19553	Soc1071	2	14	20721512	21515995	794483	20	25.89	28.49	2.60
dlab	Contig_14434	Contig_17070	2	14	22088689	22158606	69917	20	29.75	30.68	0.93
dlab	Contig_10006	Contig_20657	3	14	24654313	26308013	1653700	20	30.74	35.07	4.33
dlab	Contig_56915	Contig_40234	2	14	23582323	23832866	250543	20	39.71	43.01	3.30
dlab	Contig_54390	Contig_47600	2	14	10838151	11029707	191556	20	50.17	52.97	2.80
dlab	Contig_5080	Soc613	2	14	9791653	9627753	163900	20	55.36	56.14	0.78
dlab	Contig_32385	Contig_19050	2	14	8438590	8968815	530225	20	61.06	61.06	0.00
dlab	Soc516	Contig_1943	2	14	13140066	12906474	233592	20	61.06	62.71	1.65
dlab	Contig_8141	Contig_58696	2	14	7631096	7947015	315919	20	69.63	69.63	0.00
dlab	Soc1103	Dla72	2	14	6781638	6696872	84766	20	72.52	72.52	0.00
dlab	Contig_518	Contig_45093	3	14	4555215	5840724	1285509	20	73.78	73.78	0.00
dlab	Contig_52966	Soc1111	2	14	4139417	3792090	347327	20	76.31	78.91	2.60
dlab	Contig_71286	Contig_51370	2	2	691977	2457847	1765870	8	4.03	4.15	0.12
dlab	Contig_22492	Contig_9483	2	2	22504032	23478032	974000	8	4.15	4.15	0.00
dlab	Soc638	Contig_19367	3	2	472896	379385	176371	8	5.40	9.32	3.92
dlab	Soc988	Contig_18491	8	2	2323551	5715778	3650466	8	13.48	32.65	19.17
dlab	Contig_2560	Soc620	11	2	8224469	13656995	5432526	8	36.64	54.98	19.04
dlab	Contig_11615	Contig_8511	2	2	14145872	14687014	541142	8	57.58	58.00	0.42
dlab	Soc639	Contig_39212	2	2	13839763	13973257	133494	8	59.25	60.89	1.64
dlab	Contig_44490	Contig_31227	2	2	15867144	15569499	297645	8	67.09	69.43	2.34
dlab	Contig_48742	Soc552	5	2	16637967	17240449	1479387	8	69.43	73.25	3.82
dlab	Contig_44525	Contig_25514	2	2	21043639	21342034	298395	8	73.87	75.86	1.99
dlab	Soc1050	Contig_4766	3	2	26046457	26101246	129860	8	81.31	82.86	1.55
dlab	Contig_38929	Contig_35183	5	2	18478141	20323841	1845700	8	84.02	89.00	4.98
dlab	Contig_22073	Contig_130	2	8	20765077	21740366	975289	4	6.64	10.93	4.29
dlab	Contig_15353	Contig_1130	5	8	22916586	22434509	729855	4	11.56	18.36	6.80
dlab	Contig_7066	Contig_30163	4	8	14489731	15956816	1467085	4	22.22	27.11	4.89
dlab	Contig_24591	Contig_21471	3	8	9664060	9506066	317982	4	32.27	33.54	1.27
dlab	Contig_34607	Contig_63165	2	8	8271629	8953818	682189	4	34.44	36.70	2.26
dlab	Soc663	Contig_12011	2	8	7425032	8186383	761351	4	38.81	40.00	1.19
dlab	Contig_32285	Soc1040	2	8	8046902	8032357	14545	4	41.78	43.15	1.37
dlab	Contig_15666	Contig_22151	3	8	2756831	3245942	489111	4	63.35	67.46	4.11
dlab	Contig_13958	Contig_64871	2	8	638145	458440	179705	4	67.46	74.39	6.93
dlab	Contig_772	Contig_931	2	8	16939462	16930901	8561	4	87.32	87.32	0.00
dlab	Soc553	Soc1011	6	8	17264463	18319759	1569699	4	87.95	90.68	2.73
dlab	Soc1143	Contig_10089	2	6	24902153	23981924	920229	24	2.90	5.50	2.60
dlab	Contig_1926	Contig_37743	2	6	26238905	25389391	849514	24	9.78	11.79	2.01
dlab	Mmi04	Soc1058	2	6	1208543	1904519	695976	24	15.81	19.04	3.23
dlab	Contig_5090	Contig_3960	3	6	15616422	16583749	967327	24	24.95	24.95	0.00
dlab	Contig_11709	Contig_33822	3	6	13617294	13850008	232714	24	29.72	29.10	0.62
dlab	Contig_18866	Contig_49010	3	6	10942545	11427196	484651	24	32.32	34.96	2.64
dlab	Contig_9872	Contig_16836	2	6	11906151	11737301	168850	24	37.37	41.28	3.91
dlab	Contig_38885	Contig_41579	2	6	10884325	10472911	411414	24	43.61	46.83	3.22
dlab	Dla85	Contig_4059	4	6	9409161	9658655	799404	24	46.83	51.39	4.56
dlab	Contig_86884	Contig_58292	3	6	7836249	5893636	1942613	24	61.28	64.26	2.98
dlab	Contig_40525	Contig_22317	2	6	4707135	4931560	224425	24	67.19	67.22	0.03
dlab	Contig_7751	Contig_31777	2	6	22361781	22337707	24074	24	73.65	73.65	0.00
dlab	Contig_3881	Soc664	2	6	685068	867865	182797	24	75.06	75.06	0.00
dlab	Contig_40800	Soc719	3	6	18962233	19016433	392851	24	77.23	79.38	2.15
dlab	Contig_33160	Contig_1310	2	6	18254645	18257244	2599	24	81.27	81.27	0.00
dlab	Contig_19656	Contig_8734	3	1A	8828476	9327564	499088	10	7.77	9.33	1.56
dlab	Contig_38648	Contig_12860	2	1A	9141238	9275667	134429	10	11.59	11.40	0.19
dlab	Soc1065	Contig_11649	4	1A	9486935	10065424	871512	10	14.77	18.00	3.23
dlab	Contig_6243	Contig_25685	3	1A	11471491	12250181	778690	10	20.92	24.20	3.28
dlab	Contig_27201	Contig_4294	2	1A	12708923	12898103	189180	10	25.65	27.52	1.87
dlab	Contig_24202	Contig_36711	3	1A	23481110	22715373	797448	10	32.64	35.00	2.36
dlab	Soc686	Dla105	2	1A	21800662	22321563	520901	10	37.60	37.60	0.00
dlab	Contig_29503	Contig_45139	2	1A	20667371	21128129	460758	10	40.76	41.04	0.28
dlab	Contig_29474	Contig_5437	7	1A	20318358	15682952	4635406	10	41.82	56.22	14.40
dlab	Contig_3477	Contig_31364	2	1A	26703615	26151483	552132	10	69.18	73.90	4.72
dlab	Contig_19914	Mmi10	2	1A	27269698	27509438	239740	10	85.42	85.42	0.00
dlab	Contig_3237	Contig_24248	2	20	25335430	27006845	1671415	19	0	8.26	8.26
dlab	Contig_14569	Contig_11445	2	20	24008205	24344590	336385	19	7.95	9.07	1.12
dlab	Soc659	Contig_24694	3	20	23097051	22971263	371176	19	9.07	13.48	4.41
dlab	Contig_29539	Contig_91244	2	20	18433856	18440449	6593	19	14.75	14.75	0.00
dlab	Contig_9029	Contig_6709	7	20	19173529	20771297	1903355	19	15.58	20.39	4.81
dlab	Contig_75005	Contig_41232	3	20	12308550	12308019	131547	19	27.26	29.17	1.91
dlab	Soc1025	Soc1051	2	20	14402999	14509070	106071	19	32.01	32.32	0.31
dlab	Contig_77715	Contig_10741	3	20	11665903	11353593	312310	19	39.55	43.57	4.02
dlab	Soc439	Soc569	2	20	10294052	9721218	572834	19	53.11	61.71	8.60
dlab	Contig_100319	Soc1006	4	20	4526338	5999653	1656794	19	69.09	72.50	3.41
dlab	Contig_57705	Contig_89815	2	20	6588389	7020449	432060	19	72.50	72.50	0.00
dlab	Contig_100848	Soc965	4	20	7127481	7414306	295105	19	74.62	74.62	0.00
dlab	Contig_27134	Contig_11334	2	20	3270454	2113276	1157178	19	77.30	78.51	1.21
dlab	Contig_33889	Soc1066	2	20	7876165	7298760	577405	19	79.91	80.62	0.71
dlab	Soc532	Contig_13270	4	20	1822283	1348019	761734	19	82.04	85.23	3.89
dlab	Contig_49881	Contig_26057	2	13	22668104	20313110	2354994	5	7.48	8.46	0.98
dlab	Contig_4337	Soc949	3	13	18891984	19041323	189870	5	8.93	10.33	1.40
dlab	Soc707	Contig_41916	3	13	17079275	15793931	1285344	5	12.34	13.74	1.40
dlab	Contig_51758	Contig_14220	8	13	13988456	9040006	4948450	5	20.94	42.60	21.66
dlab	Soc739	Contig_2723	4	13	6478813	7300531	821718	5	49.85	54.77	4.92
dlab	Contig_15433	Contig_4040	2	13	25804541	26250063	445522	5	58.45	61.29	2.84
dlab	Contig_6596	Contig_44858	2	13	5154616	4768026	386590	5	61.91	63.84	1.93
dlab	Soc902	Contig_23376	2	13	5404984	5655280	250296	5	64.10	66.73	2.63
dlab	Contig_15756	Contig_7362	2	13	4126312	4195578	69266	5	67.18	66.90	0.28
dlab	Contig_47650	Contig_42933	2	13	27238748	26545114	693634	5	73.98	74.60	0.62
